0.0002 0.155406 1.0105 172909 3590.58
0.0006 0.155376 0.236029 172873 3590.52
0.001 0.155376 -0.236029 172873 3590.52
0.0014 0.155406 -1.0105 172909 3590.58
0.0018 0.155458 -1.6241 172970 3590.66
0.0022 0.155531 -2.17474 173054 3590.73
0.0026 0.155628 -2.67279 173160 3590.76
0.003 0.155747 -3.13283 173286 3590.73
0.0034 0.155888 -3.56251 173430 3590.6
0.0038 0.156051 -3.97469 173589 3590.36
0.0042 0.156236 -4.36752 173762 3589.99
0.0046 0.15644 -4.74175 173947 3589.45
0.005 0.156664 -5.09615 174144 3588.74
0.0054 0.15691 -5.4362 174351 3587.84
0.0058 0.157181 -5.76838 174572 3586.75
0.0062 0.157479 -6.11504 174801 3585.43
0.0066 0.157805 -6.46546 175046 3583.91
0.007 0.158155 -6.80778 175303 3582.19
0.0074 0.158529 -7.14788 175571 3580.25
0.0078 0.158927 -7.48221 175851 3578.1
0.0082 0.15935 -7.80538 176143 3575.75
0.0086 0.159797 -8.10885 176448 3573.2
0.009 0.160274 -8.3821 176768 3570.45
0.0094 0.160779 -8.6387 177098 3567.5
0.0098 0.161306 -8.84151 177440 3564.34
0.0102 0.161855 -8.98571 177791 3560.95
0.0106 0.162422 -9.07682 178150 3557.39
0.011 0.163004 -9.1203 178517 3553.7
0.0114 0.163606 -9.11871 178882 3549.83
0.0118 0.164227 -9.05733 179254 3545.78
0.0122 0.164867 -8.92171 179629 3541.5
0.0126 0.165521 -8.70977 180009 3537.09
0.013 0.166185 -8.43093 180397 3532.62
0.0134 0.166872 -8.07492 180780 3527.92
0.0138 0.167581 -7.66051 181172 3522.93
0.0142 0.168305 -7.17528 181566 3517.73
0.0146 0.169042 -6.603 181968 3512.47
0.015 0.169795 -5.95841 182364 3507.01
0.0154 0.170576 -5.29232 182765 3501.26
0.0158 0.171375 -4.60925 183168 3495.29
0.0162 0.172185 -3.87108 183579 3489.27
0.0166 0.17302 -3.03673 183989 3483.02
0.017 0.173891 -2.15681 184412 3476.45
0.0174 0.17478 -1.248 184840 3469.64
0.0178 0.175679 -0.283149 185277 3462.8
0.0182 0.176607 0.743816 185702 3455.56
0.0186 0.17756 1.78839 186131 3448.04
0.019 0.178533 2.91248 186572 3440.42
0.0194 0.179534 4.1297 187013 3432.54
0.0198 0.180566 5.40749 187459 3424.37
0.0202 0.181612 6.78137 187903 3416
0.0206 0.182676 8.23779 188341 3407.27
0.021 0.183768 9.67541 188771 3398.16
0.0214 0.184872 11.1748 189192 3388.78
0.0218 0.186012 12.854 189623 3379.12
0.0222 0.187199 14.6137 190065 3369.11
0.0226 0.188404 16.4116 190506 3358.86
0.023 0.189637 18.3143 190931 3348.15
0.0234 0.190904 20.2389 191352 3337.02
0.0238 0.192183 22.1519 191768 3325.67
0.0242 0.193524 24.2567 192188 3313.63
0.0246 0.1949 26.4439 192610 3301.21
0.025 0.196311 28.7398 193045 3288.56
0.0254 0.197763 31.0474 193448 3275.14
0.0258 0.199243 33.36 193860 3261.52
0.0262 0.200771 35.7836 194260 3247.27
0.0266 0.202346 38.2182 194661 3232.55
0.027 0.204 40.9062 195107 3217.51
0.0274 0.205695 43.5486 195515 3201.64
0.0278 0.207428 46.1381 195933 3185.33
0.0282 0.209243 48.9115 196333 3168.04
0.0286 0.21109 51.559 196742 3150.5
0.029 0.213048 54.5042 197152 3131.91
0.0294 0.215044 57.2881 197577 3113.1
0.0298 0.21712 60.2051 197952 3092.98
0.0302 0.219322 63.3281 198420 3072.66
0.0306 0.221577 66.3241 198804 3050.94
0.031 0.223941 69.5972 199238 3028.77
0.0314 0.226376 72.5028 199616 3005.27
0.0318 0.22895 75.8007 200009 2980.64
0.0322 0.231655 79.1283 200454 2955.4
0.0326 0.23451 82.3826 200870 2928.67
0.033 0.237471 85.831 201287 2901.1
0.0334 0.240525 89.0485 201670 2872.44
0.0338 0.243829 92.5369 202113 2842.49
0.0342 0.24724 95.9177 202527 2811.6
0.0346 0.250838 99.5653 202969 2779.69
0.035 0.254608 103.105 203422 2746.77
0.0354 0.258561 106.616 203841 2712.31
0.0358 0.262768 110.193 204284 2676.64
0.0362 0.267155 113.739 204695 2639.77
0.0366 0.271854 117.484 205188 2601.98
0.037 0.27671 121.087 205625 2563.21
0.0374 0.281887 124.861 206125 2523.55
0.0378 0.287217 128.429 206584 2483.37
0.0382 0.292879 132.165 207076 2442.16
0.0386 0.298855 135.983 207604 2400.3
0.039 0.305066 139.711 208125 2358.05
0.0394 0.311557 143.413 208634 2315.24
0.0398 0.31839 147.155 209156 2271.91
0.0402 0.325583 151.047 209723 2228.31
0.0406 0.33308 154.824 210300 2184.58
0.041 0.340921 158.591 210901 2140.71
0.0414 0.349136 162.396 211483 2096.53
0.0418 0.357754 166.275 212098 2052.31
0.0422 0.366766 170.081 212742 2008.1
0.0426 0.376227 174.004 213394 1963.89
0.043 0.386055 177.841 214075 1920.19
0.0434 0.396301 181.632 214752 1876.54
0.0438 0.4072 185.731 215509 1832.98
0.0442 0.418425 189.528 216266 1790.06
0.0446 0.43024 193.477 217010 1747.12
0.045 0.442769 197.368 217828 1704.07
0.0454 0.455983 201.396 218670 1661.22
0.0458 0.469817 205.354 219567 1618.99
0.0462 0.484214 209.133 220440 1577.06
0.0466 0.499578 213.183 221386 1535.26
0.047 0.515812 217.151 222384 1493.68
0.0474 0.533039 221.101 223401 1452
0.0478 0.551363 225.072 224486 1410.54
0.0482 0.570719 228.943 225540 1369.17
0.0486 0.591513 233.11 226771 1328.29
0.049 0.613408 237.027 227950 1287.56
0.0494 0.636825 240.967 229189 1246.97
0.0498 0.662076 245.088 230575 1206.65
0.0502 0.688932 249.047 231951 1166.54
0.0506 0.717744 253.102 233431 1126.92
0.051 0.748397 256.945 234893 1087.55
0.0514 0.781662 261.158 236617 1048.86
0.0518 0.817116 265.144 238306 1010.57
0.0522 0.855133 269.042 240053 972.713
0.0526 0.896397 273.177 242025 935.578
0.053 0.940651 277.18 244035 898.922
0.0534 0.98841 281.253 246215 863.188
0.0538 1.0391 285.063 248348 828.185
0.0542 1.09445 289.298 250863 794.247
0.0546 1.15356 293.37 253428 761.227
0.055 1.21652 297.242 255996 729.172
0.0554 1.2847 301.426 258944 698.435
0.0558 1.35715 305.428 261951 668.829
0.0562 1.43465 309.569 265229 640.619
0.0566 1.51633 313.417 268490 613.563
0.057 1.60466 317.743 272348 588.112
0.0574 1.69685 321.767 276202 564.026
0.0578 1.79381 325.511 280167 541.198
0.0582 1.89623 329.744 284672 520.199
0.0586 1.99473 333.866 289134 502.288
0.059 2.0851 337.71 293920 488.445
0.0594 2.16781 341.753 299237 478.322
0.0598 2.24345 345.796 304498 470.302
0.0602 2.31284 349.834 309929 464.359
0.0606 2.37676 353.935 315671 460.227
0.061 2.43596 357.965 321446 457.279
0.0614 2.4913 361.973 327587 455.656
0.0618 2.5433 365.96 333866 454.884
0.0622 2.59208 369.871 340165 454.742
0.0626 2.63783 373.847 346649 455.377
0.063 2.68091 377.883 353147 456.468
0.0634 2.72193 381.949 359695 457.93
0.0638 2.76172 386.056 366377 459.708
0.0642 2.8009 390.094 373120 461.595
0.0646 2.83976 394.052 379973 463.659
0.065 2.87863 397.97 387011 465.884
0.0654 2.91778 401.835 394209 468.172
0.0658 2.95719 405.592 401554 470.51
0.0662 2.99767 409.357 409060 472.862
0.0666 3.03954 413.147 416722 475.093
0.067 3.08265 417.156 424437 477.109
0.0674 3.12881 421.672 432345 478.806
0.0678 3.18114 426.871 441095 480.461
0.0682 3.22725 431.004 448917 482.02
0.0686 3.24706 431.968 452154 482.508
0.069 3.23763 428.687 449839 481.444
0.0694 3.14028 412.816 429965 474.454
0.0698 2.74323 350.831 354246 447.464
0.0702 1.87027 176.593 197081 365.151
0.0706 1.35881 40.7427 119150 303.855
0.071 1.25412 8.34889 104789 289.553
0.0714 1.23901 3.97232 102951 287.933
0.0718 1.23622 3.18552 102623 287.669
0.0722 1.23492 2.81746 102472 287.549
0.0726 1.23389 2.52187 102351 287.453
0.073 1.23296 2.25971 102244 287.368
0.0734 1.23214 2.02435 102148 287.291
0.0738 1.23139 1.81283 102062 287.222
0.0742 1.23073 1.62278 101984 287.16
0.0746 1.23013 1.45209 101915 287.104
0.075 1.22959 1.29882 101852 287.054
0.0754 1.2291 1.16122 101796 287.009
0.0758 1.22867 1.03772 101746 286.969
0.0762 1.22828 0.92691 101701 286.933
0.0766 1.22793 0.827512 101661 286.9
0.077 1.22761 0.738382 101625 286.871
0.0774 1.22733 0.658488 101592 286.845
0.0778 1.22708 0.586902 101563 286.822
0.0782 1.22685 0.52279 101537 286.801
0.0786 1.22665 0.465397 101514 286.782
0.079 1.22647 0.414047 101493 286.766
0.0794 1.2263 0.368127 101474 286.751
0.0798 1.22616 0.327085 101458 286.737
0.0802 1.22603 0.290426 101443 286.725
0.0806 1.22591 0.257702 101430 286.715
0.081 1.22581 0.228507 101418 286.705
0.0814 1.22572 0.202479 101407 286.697
0.0818 1.22564 0.179289 101398 286.689
0.0822 1.22556 0.158642 101389 286.682
0.0826 1.2255 0.140271 101382 286.676
0.083 1.22544 0.123938 101375 286.671
0.0834 1.22539 0.109426 101369 286.666
0.0838 1.22534 0.0965424 101364 286.662
0.0842 1.2253 0.0851122 101360 286.658
0.0846 1.22527 0.0749793 101355 286.655
0.085 1.22523 0.0660031 101352 286.652
0.0854 1.22521 0.0580576 101349 286.65
0.0858 1.22518 0.0510298 101346 286.647
0.0862 1.22516 0.0448187 101343 286.645
0.0866 1.22514 0.0393334 101341 286.643
0.087 1.22512 0.034493 101339 286.642
0.0874 1.22511 0.0302251 101337 286.641
0.0878 1.22509 0.0264648 101336 286.639
0.0882 1.22508 0.0231544 101334 286.638
0.0886 1.22507 0.0202425 101333 286.637
0.089 1.22506 0.017683 101332 286.636
0.0894 1.22506 0.0154352 101331 286.636
0.0898 1.22505 0.0134626 101330 286.635
0.0902 1.22504 0.011733 101330 286.634
0.0906 1.22504 0.0102176 101329 286.634
0.091 1.22503 0.00889097 101329 286.634
0.0914 1.22503 0.00773056 101328 286.633
0.0918 1.22502 0.00671635 101328 286.633
0.0922 1.22502 0.00583064 101327 286.633
0.0926 1.22502 0.00505776 101327 286.632
0.093 1.22502 0.0043839 101327 286.632
0.0934 1.22501 0.00379685 101327 286.632
0.0938 1.22501 0.00328583 101326 286.632
0.0942 1.22501 0.00284136 101326 286.632
0.0946 1.22501 0.00245508 101326 286.631
0.095 1.22501 0.00211966 101326 286.631
0.0954 1.22501 0.00182862 101326 286.631
0.0958 1.22501 0.00157631 101326 286.631
0.0962 1.225 0.00135775 101326 286.631
0.0966 1.225 0.00116857 101325 286.631
0.097 1.225 0.00100496 101325 286.631
0.0974 1.225 0.000863583 101325 286.631
0.0978 1.225 0.00074151 101325 286.631
0.0982 1.225 0.000636193 101325 286.631
0.0986 1.225 0.000545407 101325 286.631
0.099 1.225 0.000467208 101325 286.631
0.0994 1.225 0.000399908 101325 286.631
0.0998 1.225 0.000342033 101325 286.631
0.1002 1.225 0.000292305 101325 286.631
0.1006 1.225 0.00024961 101325 286.631
0.101 1.225 0.000212984 101325 286.631
0.1014 1.225 0.00018159 101325 286.631
0.1018 1.225 0.000154702 101325 286.631
0.1022 1.225 0.000131691 101325 286.631
0.1026 1.225 0.000112015 101325 286.631
0.103 1.225 9.52042e-05 101325 286.631
0.1034 1.225 8.08525e-05 101325 286.631
0.1038 1.225 6.86104e-05 101325 286.631
0.1042 1.225 5.81762e-05 101325 286.631
0.1046 1.225 4.92904e-05 101325 286.631
0.105 1.225 4.17293e-05 101325 286.631
0.1054 1.225 3.53009e-05 101325 286.631
0.1058 1.225 2.984e-05 101325 286.631
0.1062 1.225 2.52048e-05 101325 286.631
0.1066 1.225 2.12736e-05 101325 286.631
0.107 1.225 1.7942e-05 101325 286.631
0.1074 1.225 1.51207e-05 101325 286.631
0.1078 1.225 1.2733e-05 101325 286.631
0.1082 1.225 1.07138e-05 101325 286.631
0.1086 1.225 9.00751e-06 101325 286.631
0.109 1.225 7.56685e-06 101325 286.631
0.1094 1.225 6.35145e-06 101325 286.631
0.1098 1.225 5.32699e-06 101325 286.631
0.1102 1.225 4.46425e-06 101325 286.631
0.1106 1.225 3.7384e-06 101325 286.631
0.111 1.225 3.12831e-06 101325 286.631
0.1114 1.225 2.61601e-06 101325 286.631
0.1118 1.225 2.18621e-06 101325 286.631
0.1122 1.225 1.82588e-06 101325 286.631
0.1126 1.225 1.52392e-06 101325 286.631
0.113 1.225 1.27089e-06 101325 286.631
0.1134 1.225 1.05882e-06 101325 286.631
0.1138 1.225 8.80948e-07 101325 286.631
0.1142 1.225 7.31656e-07 101325 286.631
0.1146 1.225 6.06277e-07 101325 286.631
0.115 1.225 5.00986e-07 101325 286.631
0.1154 1.225 4.12676e-07 101325 286.631
0.1158 1.225 3.38845e-07 101325 286.631
0.1162 1.225 2.77477e-07 101325 286.631
0.1166 1.225 2.26917e-07 101325 286.631
0.117 1.225 1.85802e-07 101325 286.631
0.1174 1.225 1.52962e-07 101325 286.631
0.1178 1.225 1.27297e-07 101325 286.631
0.1182 1.225 1.0773e-07 101325 286.631
0.1186 1.225 9.31512e-08 101325 286.631
0.119 1.225 8.22394e-08 101325 286.631
0.1194 1.225 7.34092e-08 101325 286.631
0.1198 1.225 6.54774e-08 101325 286.631
0.1202 1.225 5.81582e-08 101325 286.631
0.1206 1.225 5.14606e-08 101325 286.631
0.121 1.225 4.53585e-08 101325 286.631
0.1214 1.225 3.9822e-08 101325 286.631
0.1218 1.225 3.48212e-08 101325 286.631
0.1222 1.225 3.03251e-08 101325 286.631
0.1226 1.225 2.63022e-08 101325 286.631
0.123 1.225 2.27202e-08 101325 286.631
0.1234 1.225 1.95468e-08 101325 286.631
0.1238 1.225 1.67495e-08 101325 286.631
0.1242 1.225 1.4296e-08 101325 286.631
0.1246 1.225 1.2155e-08 101325 286.631
0.125 1.225 1.02959e-08 101325 286.631
0.1254 1.225 8.68944e-09 101325 286.631
0.1258 1.225 7.30791e-09 101325 286.631
0.1262 1.225 6.12535e-09 101325 286.631
0.1266 1.225 5.1176e-09 101325 286.631
0.127 1.225 4.26255e-09 101325 286.631
0.1274 1.225 3.54005e-09 101325 286.631
0.1278 1.225 2.93192e-09 101325 286.631
0.1282 1.225 2.42193e-09 101325 286.631
0.1286 1.225 1.99578e-09 101325 286.631
0.129 1.225 1.64088e-09 101325 286.631
0.1294 1.225 1.34618e-09 101325 286.631
0.1298 1.225 1.10222e-09 101325 286.631
0.1302 1.225 9.00842e-10 101325 286.631
0.1306 1.225 7.35005e-10 101325 286.631
0.131 1.225 5.98766e-10 101325 286.631
0.1314 1.225 4.87184e-10 101325 286.631
0.1318 1.225 3.9597e-10 101325 286.631
0.1322 1.225 3.21624e-10 101325 286.631
0.1326 1.225 2.61212e-10 101325 286.631
0.133 1.225 2.12257e-10 101325 286.631
0.1334 1.225 1.72793e-10 101325 286.631
0.1338 1.225 1.41129e-10 101325 286.631
0.1342 1.225 1.15961e-10 101325 286.631
0.1346 1.225 9.61556e-11 101325 286.631
0.135 1.225 8.07198e-11 101325 286.631
0.1354 1.225 6.87596e-11 101325 286.631
0.1358 1.225 5.90363e-11 101325 286.631
0.1362 1.225 5.07246e-11 101325 286.631
0.1366 1.225 4.35655e-11 101325 286.631
0.137 1.225 3.73951e-11 101325 286.631
0.1374 1.225 3.20248e-11 101325 286.631
0.1378 1.225 2.73786e-11 101325 286.631
0.1382 1.225 2.33236e-11 101325 286.631
0.1386 1.225 1.98307e-11 101325 286.631
0.139 1.225 1.68055e-11 101325 286.631
0.1394 1.225 1.41943e-11 101325 286.631
0.1398 1.225 1.19752e-11 101325 286.631
0.1402 1.225 1.00854e-11 101325 286.631
0.1406 1.225 8.4698e-12 101325 286.631
0.141 1.225 7.09792e-12 101325 286.631
0.1414 1.225 5.92174e-12 101325 286.631
0.1418 1.225 4.93425e-12 101325 286.631
0.1422 1.225 4.08807e-12 101325 286.631
0.1426 1.225 3.40827e-12 101325 286.631
0.143 1.225 2.82264e-12 101325 286.631
0.1434 1.225 2.33167e-12 101325 286.631
0.1438 1.225 1.91988e-12 101325 286.631
0.1442 1.225 1.57101e-12 101325 286.631
0.1446 1.225 1.28521e-12 101325 286.631
0.145 1.225 1.03102e-12 101325 286.631
0.1454 1.225 8.64796e-13 101325 286.631
0.1458 1.225 6.97576e-13 101325 286.631
0.1462 1.225 5.62092e-13 101325 286.631
0.1466 1.225 4.50377e-13 101325 286.631
0.147 1.225 3.30165e-13 101325 286.631
0.1474 1.225 2.74368e-13 101325 286.631
0.1478 1.225 2.10071e-13 101325 286.631
0.1482 1.225 1.53666e-13 101325 286.631
0.1486 1.225 8.90487e-14 101325 286.631
0.149 1.225 6.47726e-14 101325 286.631
0.1494 1.225 4.04637e-14 101325 286.631
0.1498 1.225 8.09026e-15 101325 286.631
0.1502 1.225 0 101325 286.631
0.1506 1.225 0 101325 286.631
0.151 1.225 0 101325 286.631
0.1514 1.225 0 101325 286.631
0.1518 1.225 0 101325 286.631
0.1522 1.225 0 101325 286.631
0.1526 1.225 0 101325 286.631
0.153 1.225 0 101325 286.631
0.1534 1.225 0 101325 286.631
0.1538 1.225 0 101325 286.631
0.1542 1.225 0 101325 286.631
0.1546 1.225 0 101325 286.631
0.155 1.225 0 101325 286.631
0.1554 1.225 0 101325 286.631
0.1558 1.225 0 101325 286.631
0.1562 1.225 0 101325 286.631
0.1566 1.225 0 101325 286.631
0.157 1.225 0 101325 286.631
0.1574 1.225 0 101325 286.631
0.1578 1.225 0 101325 286.631
0.1582 1.225 0 101325 286.631
0.1586 1.225 0 101325 286.631
0.159 1.225 0 101325 286.631
0.1594 1.225 0 101325 286.631
0.1598 1.225 0 101325 286.631
0.1602 1.225 0 101325 286.631
0.1606 1.225 0 101325 286.631
0.161 1.225 0 101325 286.631
0.1614 1.225 0 101325 286.631
0.1618 1.225 0 101325 286.631
0.1622 1.225 0 101325 286.631
0.1626 1.225 0 101325 286.631
0.163 1.225 0 101325 286.631
0.1634 1.225 0 101325 286.631
0.1638 1.225 0 101325 286.631
0.1642 1.225 0 101325 286.631
0.1646 1.225 0 101325 286.631
0.165 1.225 0 101325 286.631
0.1654 1.225 0 101325 286.631
0.1658 1.225 0 101325 286.631
0.1662 1.225 0 101325 286.631
0.1666 1.225 0 101325 286.631
0.167 1.225 0 101325 286.631
0.1674 1.225 0 101325 286.631
0.1678 1.225 0 101325 286.631
0.1682 1.225 0 101325 286.631
0.1686 1.225 0 101325 286.631
0.169 1.225 0 101325 286.631
0.1694 1.225 0 101325 286.631
0.1698 1.225 0 101325 286.631
0.1702 1.225 0 101325 286.631
0.1706 1.225 0 101325 286.631
0.171 1.225 0 101325 286.631
0.1714 1.225 0 101325 286.631
0.1718 1.225 0 101325 286.631
0.1722 1.225 0 101325 286.631
0.1726 1.225 0 101325 286.631
0.173 1.225 0 101325 286.631
0.1734 1.225 0 101325 286.631
0.1738 1.225 0 101325 286.631
0.1742 1.225 0 101325 286.631
0.1746 1.225 0 101325 286.631
0.175 1.225 0 101325 286.631
0.1754 1.225 0 101325 286.631
0.1758 1.225 0 101325 286.631
0.1762 1.225 0 101325 286.631
0.1766 1.225 0 101325 286.631
0.177 1.225 0 101325 286.631
0.1774 1.225 0 101325 286.631
0.1778 1.225 0 101325 286.631
0.1782 1.225 0 101325 286.631
0.1786 1.225 0 101325 286.631
0.179 1.225 0 101325 286.631
0.1794 1.225 0 101325 286.631
0.1798 1.225 0 101325 286.631
0.1802 1.225 0 101325 286.631
0.1806 1.225 0 101325 286.631
0.181 1.225 0 101325 286.631
0.1814 1.225 0 101325 286.631
0.1818 1.225 0 101325 286.631
0.1822 1.225 0 101325 286.631
0.1826 1.225 0 101325 286.631
0.183 1.225 0 101325 286.631
0.1834 1.225 0 101325 286.631
0.1838 1.225 0 101325 286.631
0.1842 1.225 0 101325 286.631
0.1846 1.225 0 101325 286.631
0.185 1.225 0 101325 286.631
0.1854 1.225 0 101325 286.631
0.1858 1.225 0 101325 286.631
0.1862 1.225 0 101325 286.631
0.1866 1.225 0 101325 286.631
0.187 1.225 0 101325 286.631
0.1874 1.225 0 101325 286.631
0.1878 1.225 0 101325 286.631
0.1882 1.225 0 101325 286.631
0.1886 1.225 0 101325 286.631
0.189 1.225 0 101325 286.631
0.1894 1.225 0 101325 286.631
0.1898 1.225 0 101325 286.631
0.1902 1.225 0 101325 286.631
0.1906 1.225 0 101325 286.631
0.191 1.225 0 101325 286.631
0.1914 1.225 0 101325 286.631
0.1918 1.225 0 101325 286.631
0.1922 1.225 0 101325 286.631
0.1926 1.225 0 101325 286.631
0.193 1.225 0 101325 286.631
0.1934 1.225 0 101325 286.631
0.1938 1.225 0 101325 286.631
0.1942 1.225 0 101325 286.631
0.1946 1.225 0 101325 286.631
0.195 1.225 0 101325 286.631
0.1954 1.225 0 101325 286.631
0.1958 1.225 0 101325 286.631
0.1962 1.225 0 101325 286.631
0.1966 1.225 0 101325 286.631
0.197 1.225 0 101325 286.631
0.1974 1.225 0 101325 286.631
0.1978 1.225 0 101325 286.631
0.1982 1.225 0 101325 286.631
0.1986 1.225 0 101325 286.631
0.199 1.225 0 101325 286.631
0.1994 1.225 0 101325 286.631
0.1998 1.225 0 101325 286.631
0.2002 1.225 0 101325 286.631
0.2006 1.225 0 101325 286.631
0.201 1.225 0 101325 286.631
0.2014 1.225 0 101325 286.631
