-1 0 -nan -nan -nan -nan 0 0 0
0 1 0 0 0 100000 0.75 1 0
1 1 0 0 0 100000 0.75 1 0
2 1 0 0 0 100000 0.75 1 0
3 1 0 0 0 100000 0.75 1 0
4 1 0 0 0 100000 0.75 1 0
5 1 0 0 0 100000 0.75 1 0
6 1 0 0 0 100000 0.75 1 0
7 1 0 0 0 100000 0.75 1 0
8 1 0 0 0 100000 0.75 1 0
9 1 0 0 0 100000 0.75 1 0
10 1 0 0 0 100000 0.75 1 0
11 1 0 0 0 100000 0.75 1 0
12 1 0 0 0 100000 0.75 1 0
13 1 0 0 0 100000 0.75 1 0
14 1 0 0 0 100000 0.75 1 0
15 1 0 0 0 100000 0.75 1 0
16 1 0 0 0 100000 0.75 1 0
17 1 0 0 0 100000 0.75 1 0
18 1 0 0 0 100000 0.75 1 0
19 1 0 0 0 100000 0.75 1 0
20 1 0 0 0 100000 0.75 1 0
21 1 0 0 0 100000 0.75 1 0
22 1 0 0 0 100000 0.75 1 0
23 1 0 0 0 100000 0.75 1 0
24 1 0 0 0 100000 0.75 1 0
25 1 0 0 0 100000 0.75 1 0
26 1 0 0 0 100000 0.75 1 0
27 1 0 0 0 100000 0.75 1 0
28 1 0 0 0 100000 0.75 1 0
29 1 0 0 0 100000 0.75 1 0
30 1 0 0 0 100000 0.75 1 0
31 1 0 0 0 100000 0.75 1 0
32 1 0 0 0 100000 0.75 1 0
33 1 0 0 0 100000 0.75 1 0
34 1 0 0 0 100000 0.75 1 0
35 1 0 0 0 100000 0.75 1 0
36 1 0 0 0 100000 0.75 1 0
37 1 0 0 0 100000 0.75 1 0
38 1 0 0 0 100000 0.75 1 0
39 1 0 0 0 100000 0.75 1 0
40 1 0 0 0 100000 0.75 1 0
41 1 0 0 0 100000 0.75 1 0
42 1 0 0 0 100000 0.75 1 0
43 1 0 0 0 100000 0.75 1 0
44 1 0 0 0 100000 0.75 1 0
45 1 0 0 0 100000 0.75 1 0
46 1 0 0 0 100000 0.75 1 0
47 1 0 0 0 100000 0.75 1 0
48 1 0 0 0 100000 0.75 1 0
49 1 0 0 0 100000 0.75 1 0
50 1 0 0 0 100000 0.75 1 0
51 1 0 0 0 100000 0.75 1 0
52 1 0 0 0 100000 0.75 1 0
53 1 0 0 0 100000 0.75 1 0
54 1 0 0 0 100000 0.75 1 0
55 1 0 0 0 100000 0.75 1 0
56 1 0 0 0 100000 0.75 1 0
57 1 0 0 0 100000 0.75 1 0
58 1 0 0 0 100000 0.75 1 0
59 1 0 0 0 100000 0.75 1 0
60 1 0 0 0 100000 0.75 1 0
61 1 0 0 0 100000 0.75 1 0
62 1 0 0 0 100000 0.75 1 0
63 1 0 0 0 100000 0.75 1 0
64 1 0 0 0 100000 0.75 1 0
65 1 0 0 0 100000 0.75 1 0
66 1 0 0 0 100000 0.75 1 0
67 1 0 0 0 100000 0.75 1 0
68 1 0 0 0 100000 0.75 1 0
69 1 0 0 0 100000 0.75 1 0
70 1 0 0 0 100000 0.75 1 0
71 1 0 0 0 100000 0.75 1 0
72 1 0 0 0 100000 0.75 1 0
73 1 0 0 0 100000 0.75 1 0
74 1 0 0 0 100000 0.75 1 0
75 1 0 0 0 100000 0.75 1 0
76 1 0 0 0 100000 0.75 1 0
77 1 0 0 0 100000 0.75 1 0
78 1 0 0 0 100000 0.75 1 0
79 1 0 0 0 100000 0.75 1 0
80 1 0 0 0 100000 0.75 1 0
81 1 0 0 0 100000 0.75 1 0
82 1 0 0 0 100000 0.75 1 0
83 1 0 0 0 100000 0.75 1 0
84 1 0 0 0 100000 0.75 1 0
85 1 0 0 0 100000 0.75 1 0
86 1 0 0 0 100000 0.75 1 0
87 1 0 0 0 100000 0.75 1 0
88 1 0 0 0 100000 0.75 1 0
89 1 0 0 0 100000 0.75 1 0
90 1 0 0 0 100000 0.75 1 0
91 1 0 0 0 100000 0.75 1 0
92 1 0 0 0 100000 0.75 1 0
93 1 0 0 0 100000 0.75 1 0
94 1 0 0 0 100000 0.75 1 0
95 1 0 0 0 100000 0.75 1 0
96 1 0 0 0 100000 0.75 1 0
97 1 0 0 0 100000 0.75 1 0
98 1 0 0 0 100000 0.75 1 0
99 1 0 0 0 100000 0.75 1 0
100 1 0 0 0 100000 0.75 1 0
101 1 0 0 0 100000 0.75 1 0
102 1 0 0 0 100000 0.75 1 0
103 1 0 0 0 100000 0.75 1 0
104 1 0 0 0 100000 0.75 1 0
105 1 0 0 0 100000 0.75 1 0
106 1 0 0 0 100000 0.75 1 0
107 1 0 0 0 100000 0.75 1 0
108 1 0 0 0 100000 0.75 1 0
109 1 0 0 0 100000 0.75 1 0
110 1 0 0 0 100000 0.75 1 0
111 1 0 0 0 100000 0.75 1 0
112 1 0 0 0 100000 0.75 1 0
113 1 0 0 0 100000 0.75 1 0
114 1 0 0 0 100000 0.75 1 0
115 1 0 0 0 100000 0.75 1 0
116 1 0 0 0 100000 0.75 1 0
117 1 0 0 0 100000 0.75 1 0
118 1 0 0 0 100000 0.75 1 0
119 1 0 0 0 100000 0.75 1 0
120 1 0 0 0 100000 0.75 1 0
121 1 0 0 0 100000 0.75 1 0
122 1 0 0 0 100000 0.75 1 0
123 1 0 0 0 100000 0.75 1 0
124 1 0 0 0 100000 0.75 1 0
125 1 0 0 0 100000 0.75 1 0
126 1 0 0 0 100000 0.75 1 0
127 1 0 0 0 100000 0.75 1 0
128 1 0 0 0 100000 0.75 1 0
129 1 0 0 0 100000 0.75 1 0
130 1 0 0 0 100000 0.75 1 0
131 1 0 0 0 100000 0.75 1 0
132 1 0 0 0 100000 0.75 1 0
133 1 0 0 0 100000 0.75 1 0
134 1 0 0 0 100000 0.75 1 0
135 1 0 0 0 100000 0.75 1 0
136 1 0 0 0 100000 0.75 1 0
137 1 0 0 0 100000 0.75 1 0
138 1 0 0 0 100000 0.75 1 0
139 1 0 0 0 100000 0.75 1 0
140 1 0 0 0 100000 0.75 1 0
141 1 0 0 0 100000 0.75 1 0
142 1 0 0 0 100000 0.75 1 0
143 1 0 0 0 100000 0.75 1 0
144 1 0 0 0 100000 0.75 1 0
145 1 0 0 0 100000 0.75 1 0
146 1 0 0 0 100000 0.75 1 0
147 1 0 0 0 100000 0.75 1 0
148 1 0 0 0 100000 0.75 1 0
149 1 0 0 0 100000 0.75 1 0
150 1 0 0 0 100000 0.75 1 0
151 1 0 0 0 100000 0.75 1 0
152 1 0 0 0 100000 0.75 1 0
153 1 0 0 0 100000 0.75 1 0
154 1 0 0 0 100000 0.75 1 0
155 1 0 0 0 100000 0.75 1 0
156 1 0 0 0 100000 0.75 1 0
157 1 0 0 0 100000 0.75 1 0
158 1 0 0 0 100000 0.75 1 0
159 1 0 0 0 100000 0.75 1 0
160 1 0 0 0 100000 0.75 1 0
161 1 0 0 0 100000 0.75 1 0
162 1 0 0 0 100000 0.75 1 0
163 1 0 0 0 100000 0.75 1 0
164 1 0 0 0 100000 0.75 1 0
165 1 0 0 0 100000 0.75 1 0
166 1 0 0 0 100000 0.75 1 0
167 1 0 0 0 100000 0.75 1 0
168 1 0 0 0 100000 0.75 1 0
169 1 0 0 0 100000 0.75 1 0
170 1 0 0 0 100000 0.75 1 0
171 1 0 0 0 100000 0.75 1 0
172 1 0 0 0 100000 0.75 1 0
173 1 0 0 0 100000 0.75 1 0
174 1 0 0 0 100000 0.75 1 0
175 1 0 0 0 100000 0.75 1 0
176 1 0 0 0 100000 0.75 1 0
177 1 0 0 0 100000 0.75 1 0
178 1 0 0 0 100000 0.75 1 0
179 1 0 0 0 100000 0.75 1 0
180 1 0 0 0 100000 0.75 1 0
181 1 0 0 0 100000 0.75 1 0
182 1 0 0 0 100000 0.75 1 0
183 1 0 0 0 100000 0.75 1 0
184 1 0 0 0 100000 0.75 1 0
185 1 0 0 0 100000 0.75 1 0
186 1 0 0 0 100000 0.75 1 0
187 1 0 0 0 100000 0.75 1 0
188 1 0 0 0 100000 0.75 1 0
189 1 0 0 0 100000 0.75 1 0
190 1 0 0 0 100000 0.75 1 0
191 1 0 0 0 100000 0.75 1 0
192 1 0 0 0 100000 0.75 1 0
193 1 0 0 0 100000 0.75 1 0
194 1 0 0 0 100000 0.75 1 0
195 1 0 0 0 100000 0.75 1 0
196 1 0 0 0 100000 0.75 1 0
197 1 0 0 0 100000 0.75 1 0
198 1 0 0 0 100000 0.75 1 0
199 1 0 0 0 100000 0.75 1 0
200 1 0 0 0 100000 0.75 1 0
201 1 0 0 0 100000 0.75 1 0
202 1 0 0 0 100000 0.75 1 0
203 1 0 0 0 100000 0.75 1 0
204 1 0 0 0 100000 0.75 1 0
205 1 0 0 0 100000 0.75 1 0
206 1 0 0 0 100000 0.75 1 0
207 1 0 0 0 100000 0.75 1 0
208 1 0 0 0 100000 0.75 1 0
209 1 0 0 0 100000 0.75 1 0
210 1 0 0 0 100000 0.75 1 0
211 1 0 0 0 100000 0.75 1 0
212 1 0 0 0 100000 0.75 1 0
213 1 0 0 0 100000 0.75 1 0
214 1 0 0 0 100000 0.75 1 0
215 1 0 0 0 100000 0.75 1 0
216 1 0 0 0 100000 0.75 1 0
217 1 0 0 0 100000 0.75 1 0
218 1 0 0 0 100000 0.75 1 0
219 1 0 0 0 100000 0.75 1 0
220 1 0 0 0 100000 0.75 1 0
221 1 0 0 0 100000 0.75 1 0
222 1 0 0 0 100000 0.75 1 0
223 1 0 0 0 100000 0.75 1 0
224 1 0 0 0 100000 0.75 1 0
225 1 0 0 0 100000 0.75 1 0
226 1 0 0 0 100000 0.75 1 0
227 1 0 0 0 100000 0.75 1 0
228 1 0 0 0 100000 0.75 1 0
229 1 0 0 0 100000 0.75 1 0
230 1 0 0 0 100000 0.75 1 0
231 1 0 0 0 100000 0.75 1 0
232 1 0 0 0 100000 0.75 1 0
233 1 0 0 0 100000 0.75 1 0
234 1 0 0 0 100000 0.75 1 0
235 1 0 0 0 100000 0.75 1 0
236 1 0 0 0 100000 0.75 1 0
237 1 0 0 0 100000 0.75 1 0
238 1 0 0 0 100000 0.75 1 0
239 1 0 0 0 100000 0.75 1 0
240 1 0 0 0 100000 0.75 1 0
241 1 0 0 0 100000 0.75 1 0
242 1 5.66954e-14 0 0 100000 0.75 1 0
243 1 1.32283e-13 -8.65104e-19 0 100000 0.75 1 0
244 1 4.15674e-13 -1.29753e-18 0 100000 0.75 1 0
245 1 1.15258e-12 -4.32447e-18 0 100000 0.75 1 0
246 1 2.92871e-12 -1.15325e-17 0 100000 0.75 1 0
247 1 6.93409e-12 -3.27235e-17 0 100000 0.75 1 0
248 1 2.18429e-11 -1.24415e-16 0 100000 0.75 1 0
249 1 7.01595e-11 -3.26667e-16 0 100000 0.75 1 0
250 1 1.90879e-10 -9.04702e-16 0 100000 0.75 1 0
251 1 4.98203e-10 -2.30385e-15 0 100000 0.75 1 0
252 1 1.27026e-09 -5.88542e-15 0 100000 0.75 1 0
253 1 3.21607e-09 -1.49111e-14 0 100000 0.75 1 0
254 1 8.25316e-09 -3.85624e-14 0 100000 0.75 1 0
255 1 2.16761e-08 -1.02027e-13 0 100000 0.75 1 0
256 1 5.77203e-08 -2.72941e-13 0 100000 0.75 1 0
257 1 1.53163e-07 -7.25003e-13 0 100000 0.75 1 0
258 1 3.99995e-07 -1.88942e-12 0 100000 0.75 1 0
259 1 1.02183e-06 -4.74663e-12 0 100000 0.75 1 0
260 1 2.54719e-06 -1.02198e-11 0 100000 0.75 1 0
261 1 6.19041e-06 -1.91391e-11 0 100000 0.75 1 0
262 1 1.46637e-05 -5.36072e-11 0 100000 0.75 1 0
263 1 3.38541e-05 -1.24044e-10 0 100000 0.75 1 0
264 1 7.61789e-05 -2.83321e-10 0 100000 0.75 1 0
265 1 0.00016708 -6.2467e-10 0 99999.9 0.75 1 0
266 0.999999 0.00035718 -1.33465e-09 0 99999.8 0.75 0.999999 0
267 0.999998 0.000744252 -2.78849e-09 0 99999.7 0.75 0.999998 0
268 0.999997 0.0015115 -5.66577e-09 0 99999.3 0.75 0.999997 0
269 0.999993 0.00299173 -1.12174e-08 0 99998.7 0.75 0.999993 0
270 0.999987 0.00577067 -2.16381e-08 0 99997.4 0.75 0.999987 0
271 0.999976 0.0108458 -4.06675e-08 0 99995.1 0.75 0.999976 0
272 0.999956 0.0198595 -7.4472e-08 0 99991.1 0.75 0.999956 0
273 0.999921 0.0354212 -1.32833e-07 0 99984.2 0.75 0.999921 0
274 0.999862 0.0615264 -2.30745e-07 0 99972.5 0.75 0.999862 0
275 0.999767 0.104058 -3.90279e-07 0 99953.5 0.75 0.999767 0
276 0.999617 0.171323 -6.42629e-07 0 99923.4 0.75 0.999617 0
277 0.999386 0.274543 -1.02997e-06 0 99877.3 0.75 0.999386 0
278 0.999043 0.428166 -1.60664e-06 0 99808.7 0.75 0.999043 0
279 0.998547 0.649846 -2.43923e-06 0 99709.7 0.75 0.998547 0
280 0.997855 0.95996 -3.60477e-06 0 99571.4 0.75 0.997854 0
281 0.996915 1.38056 -5.18705e-06 0 99384.1 0.75 0.996914 0
282 0.99568 1.93383 -7.27093e-06 0 99138 0.75 0.995679 0
283 0.994105 2.64015 -9.9354e-06 0 98824.6 0.75 0.994102 0
284 0.992152 3.5162 -1.32464e-05 0 98436.9 0.75 0.992148 0
285 0.989799 4.57328 -1.72505e-05 0 97970.6 0.75 0.989793 0
286 0.987036 5.81624 -2.19711e-05 0 97424.4 0.75 0.987027 0
287 0.983868 7.2433 -2.74075e-05 0 96800.2 0.75 0.983856 0
288 0.980314 8.84655 -3.35358e-05 0 96102.4 0.75 0.9803 0
289 0.976407 10.6131 -4.0314e-05 0 95338 0.75 0.976389 0
290 0.972183 12.5268 -4.76867e-05 0 94515 0.75 0.972161 0
291 0.967684 14.5696 -5.55917e-05 0 93642.4 0.75 0.967659 0
292 0.962952 16.7233 -6.39648e-05 0 92729 0.75 0.962924 0
293 0.958026 18.9705 -7.27451e-05 0 91783 0.75 0.957996 0
294 0.952943 21.2959 -8.18774e-05 0 90811.8 0.75 0.95291 0
295 0.947732 23.6864 -9.13153e-05 0 89821.5 0.75 0.947697 0
296 0.942417 26.1314 -0.000101022 0 88816.9 0.75 0.94238 0
297 0.937015 28.6235 -0.000110969 0 87801.7 0.75 0.936978 0
298 0.931534 31.159 -0.000121137 0 86777.7 0.75 0.931503 0
299 0.92599 33.7307 -0.000131483 0 85747.9 0.75 0.925973 0
300 0.920428 36.3204 -0.000141993 0 84720.5 0.75 0.920421 0
301 0.914854 38.9226 -0.000152613 0 83697.5 0.75 0.914852 0
302 0.909277 41.5344 -0.000163349 0 82680.1 0.75 0.909279 0
303 0.903702 44.1531 -0.000174181 0 81669.3 0.75 0.903704 0
304 0.898133 46.7769 -0.000185098 0 80665.9 0.75 0.898136 0
305 0.892574 49.4042 -0.0001961 0 79670.5 0.75 0.892577 0
306 0.887027 52.034 -0.000207186 0 78683.4 0.75 0.88703 0
307 0.881494 54.6651 -0.000218349 0 77705 0.75 0.881497 0
308 0.875978 57.297 -0.000229584 0 76735.4 0.75 0.875981 0
309 0.870478 59.9289 -0.000240886 0 75775 0.75 0.870481 0
310 0.864996 62.5604 -0.000252253 0 74823.7 0.75 0.864999 0
311 0.859533 65.1912 -0.00026369 0 73881.6 0.75 0.859537 0
312 0.85409 67.8211 -0.000275202 0 72948.9 0.75 0.854093 0
313 0.848667 70.4497 -0.000286785 0 72025.4 0.75 0.84867 0
314 0.843263 73.0769 -0.000298437 0 71111.2 0.75 0.843266 0
315 0.83788 75.7026 -0.000310152 0 70206.2 0.75 0.837883 0
316 0.832518 78.3266 -0.000321932 0 69310.5 0.75 0.832521 0
317 0.827176 80.949 -0.000333777 0 68424 0.75 0.827179 0
318 0.821855 83.5696 -0.000345695 0 67546.5 0.75 0.821858 0
319 0.816555 86.1884 -0.000357687 0 66678.2 0.75 0.816558 0
320 0.811275 88.8054 -0.00036975 0 65818.8 0.75 0.811278 0
321 0.806017 91.4205 -0.000381881 0 64968.3 0.75 0.80602 0
322 0.800779 94.0337 -0.000394081 0 64126.7 0.75 0.800782 0
323 0.795562 96.6451 -0.000406345 0 63294 0.75 0.795565 0
324 0.790366 99.2546 -0.000418683 0 62469.9 0.75 0.790369 0
325 0.78519 101.862 -0.000431097 0 61654.5 0.75 0.785193 0
326 0.780035 104.468 -0.000443586 0 60847.7 0.75 0.780038 0
327 0.774901 107.072 -0.00045615 0 60049.4 0.75 0.774904 0
328 0.769788 109.674 -0.000468789 0 59259.5 0.75 0.76979 0
329 0.764695 112.274 -0.0004815 0 58478 0.75 0.764697 0
330 0.759622 114.873 -0.000494282 0 57704.8 0.75 0.759624 0
331 0.754569 117.469 -0.000507137 0 56939.8 0.75 0.754572 0
332 0.749537 120.065 -0.000520072 0 56182.9 0.75 0.74954 0
333 0.744525 122.658 -0.000533091 0 55434.1 0.75 0.744528 0
334 0.739533 125.25 -0.000546196 0 54693.2 0.75 0.739535 0
335 0.73456 127.84 -0.000559384 0 53960.2 0.75 0.734563 0
336 0.729608 130.428 -0.000572653 0 53235.1 0.75 0.72961 0
337 0.724675 133.015 -0.000586004 0 52517.7 0.75 0.724677 0
338 0.719761 135.601 -0.000599432 0 51808 0.75 0.719763 0
339 0.714867 138.185 -0.000612936 0 51105.9 0.75 0.714869 0
340 0.709991 140.768 -0.00062652 0 50411.2 0.75 0.709993 0
341 0.705135 143.35 -0.000640193 0 49724.1 0.75 0.705137 0
342 0.700298 145.93 -0.000653959 0 49044.3 0.75 0.7003 0
343 0.69548 148.509 -0.000667822 0 48371.7 0.75 0.695482 0
344 0.69068 151.088 -0.000681781 0 47706.5 0.75 0.690682 0
345 0.685899 153.665 -0.000695834 0 47048.3 0.75 0.685901 0
346 0.681136 156.241 -0.00070998 0 46397.2 0.75 0.681138 0
347 0.676392 158.816 -0.000724218 0 45753.2 0.75 0.676393 0
348 0.671666 161.391 -0.000738547 0 45116.1 0.75 0.671667 0
349 0.666957 163.964 -0.000752964 0 44485.9 0.75 0.666959 0
350 0.662267 166.537 -0.000767472 0 43862.5 0.75 0.662269 0
351 0.657595 169.109 -0.000782077 0 43245.8 0.75 0.657597 0
352 0.652941 171.68 -0.000796784 0 42635.9 0.75 0.652942 0
353 0.648305 174.25 -0.000811598 0 42032.6 0.75 0.648306 0
354 0.643686 176.82 -0.00082652 0 41436 0.75 0.643688 0
355 0.639086 179.389 -0.00084155 0 40845.9 0.75 0.639087 0
356 0.634504 181.957 -0.000856685 0 40262.3 0.75 0.634505 0
357 0.629939 184.524 -0.000871927 0 39685.2 0.75 0.62994 0
358 0.625393 187.09 -0.000887273 0 39114.4 0.75 0.625393 0
359 0.620864 189.656 -0.000902721 0 38550.1 0.75 0.620864 0
360 0.616354 192.22 -0.000918269 0 37992.1 0.75 0.616354 0
361 0.611862 194.783 -0.000933917 0 37440.4 0.75 0.611862 0
362 0.607388 197.346 -0.000949665 0 36894.9 0.75 0.607388 0
363 0.602932 199.907 -0.000965519 0 36355.7 0.75 0.602933 0
364 0.598496 202.467 -0.000981483 0 35822.7 0.75 0.598496 0
365 0.594078 205.025 -0.000997563 0 35296 0.75 0.594079 0
366 0.589681 207.581 -0.00101376 0 34775.4 0.75 0.589682 0
367 0.585304 210.135 -0.00103007 0 34261.1 0.75 0.585304 0
368 0.580949 212.685 -0.00104649 0 33753.2 0.75 0.580949 0
369 0.576618 215.23 -0.00106301 0 33252 0.75 0.576619 0
370 0.572317 217.768 -0.0010796 0 32757.8 0.75 0.572317 0
371 0.568053 220.293 -0.00109624 0 32271.6 0.75 0.568053 0
372 0.563839 222.798 -0.00111286 0 31794.7 0.75 0.563838 0
373 0.559697 225.269 -0.00112938 0 31329.3 0.75 0.559695 0
374 0.555659 227.687 -0.00114565 0 30879 0.75 0.555657 0
375 0.551775 230.021 -0.00116147 0 30448.9 0.75 0.551772 0
376 0.548112 232.229 -0.00117654 0 30046.1 0.75 0.548108 0
377 0.544754 234.26 -0.00119047 0 29679.2 0.75 0.544749 0
378 0.541795 236.055 -0.00120285 0 29357.8 0.75 0.54179 0
379 0.539322 237.559 -0.00121328 0 29090.5 0.75 0.539316 0
380 0.537389 238.736 -0.00122147 0 28882.5 0.75 0.537383 0
381 0.535999 239.584 -0.00122739 0 28733.4 0.75 0.535993 0
382 0.535096 240.135 -0.00123126 0 28636.8 0.75 0.53509 0
383 0.534577 240.452 -0.00123349 0 28581.4 0.75 0.534571 0
384 0.534323 240.607 -0.00123461 0 28554.3 0.75 0.534317 0
385 0.534226 240.666 -0.00123505 0 28544 0.75 0.53422 0
386 0.534205 240.678 -0.00123517 0 28542 0.75 0.534199 0
387 0.534218 240.669 -0.00123514 0 28543.5 0.75 0.534212 0
388 0.534276 240.633 -0.00123492 0 28549.7 0.75 0.53427 0
389 0.534388 240.564 -0.00123446 0 28561.9 0.75 0.534382 0
390 0.534474 240.511 -0.00123411 0 28571.2 0.75 0.534468 0
391 0.534524 240.48 -0.00123392 0 28576.6 0.75 0.534517 0
392 0.534553 240.462 -0.00123382 0 28579.8 0.75 0.534545 0
393 0.534571 240.45 -0.00123375 0 28582 0.75 0.534563 0
394 0.534586 240.44 -0.0012337 0 28583.7 0.75 0.534578 0
395 0.5346 240.43 -0.00123366 0 28585.4 0.75 0.534592 0
396 0.534616 240.42 -0.00123361 0 28587.3 0.75 0.534607 0
397 0.534635 240.407 -0.00123355 0 28589.5 0.75 0.534627 0
398 0.53466 240.391 -0.00123347 0 28592.3 0.75 0.534651 0
399 0.534676 240.38 -0.00123342 0 28594.3 0.75 0.534667 0
400 0.534685 240.373 -0.00123342 0 28595.4 0.75 0.534675 0
401 0.534688 240.37 -0.00123343 0 28596 0.75 0.534678 0
402 0.534687 240.369 -0.00123346 0 28596.2 0.75 0.534677 0
403 0.534685 240.369 -0.0012335 0 28596.2 0.75 0.534675 0
404 0.534684 240.368 -0.00123354 0 28596.4 0.75 0.534673 0
405 0.534687 240.366 -0.00123358 0 28596.9 0.75 0.534676 0
406 0.534694 240.36 -0.00123358 0 28597.9 0.75 0.534683 0
407 0.5347 240.354 -0.00123359 0 28598.8 0.75 0.534688 0
408 0.5347 240.352 -0.00123363 0 28599.3 0.75 0.534688 0
409 0.534697 240.353 -0.0012337 0 28599.2 0.75 0.534684 0
410 0.534689 240.355 -0.0012338 0 28598.7 0.75 0.534676 0
411 0.534685 240.356 -0.00123391 0 28598.7 0.75 0.534671 0
412 0.534684 240.354 -0.001234 0 28599 0.75 0.53467 0
413 0.534687 240.351 -0.00123408 0 28599.7 0.75 0.534672 0
414 0.534688 240.347 -0.00123418 0 28600.3 0.75 0.534672 0
415 0.534686 240.346 -0.00123427 0 28600.6 0.75 0.53467 0
416 0.534678 240.348 -0.00123439 0 28600.3 0.75 0.534662 0
417 0.534665 240.353 -0.00123455 0 28599.4 0.75 0.534647 0
418 0.534655 240.356 -0.00123469 0 28598.9 0.75 0.534636 0
419 0.53465 240.355 -0.00123484 0 28599.1 0.75 0.534631 0
420 0.534645 240.354 -0.00123501 0 28599.3 0.75 0.534626 0
421 0.534634 240.357 -0.00123523 0 28598.8 0.75 0.534614 0
422 0.534623 240.36 -0.0012355 0 28598.3 0.75 0.534601 0
423 0.534616 240.359 -0.00123579 0 28598.5 0.75 0.534592 0
424 0.534605 240.36 -0.00123615 0 28598.3 0.75 0.53458 0
425 0.534581 240.369 -0.00123659 0 28596.7 0.75 0.534554 0
426 0.534564 240.373 -0.00123693 0 28596.1 0.75 0.534534 0
427 0.534558 240.37 -0.00123713 0 28596.8 0.75 0.534527 0
428 0.534553 240.365 -0.00123734 0 28597.6 0.75 0.534521 0
429 0.534539 240.366 -0.00123761 0 28597.4 0.75 0.534506 0
430 0.534526 240.365 -0.00123795 0 28597.7 0.75 0.534494 0
431 0.53452 240.359 -0.00123839 0 28598.8 0.75 0.534487 0
432 0.534493 240.363 -0.00123911 0 28598.1 0.75 0.534459 0
433 0.534455 240.373 -0.00124011 0 28596.3 0.75 0.534419 0
434 0.534444 240.366 -0.00124134 0 28597.7 0.75 0.534403 0
435 0.534439 240.353 -0.00124295 0 28600 0.75 0.534392 0
436 0.534396 240.364 -0.00124527 0 28598.2 0.75 0.534343 0
437 0.534331 240.382 -0.00124845 0 28595 0.75 0.534273 0
438 0.534313 240.37 -0.00125269 0 28597.2 0.75 0.534239 0
439 0.534292 240.354 -0.00125906 0 28600.1 0.75 0.534186 0
440 0.534213 240.374 -0.00126939 0 28596.5 0.75 0.534043 0
441 0.534148 240.375 -0.00128634 0 28596.6 0.75 0.533873 0
442 0.534133 240.341 -0.00131498 0 28602.7 0.75 0.533626 0
443 0.534018 240.355 -0.0013644 0 28600 0.75 0.533134 0
444 0.533817 240.408 -0.00144942 0 28590.2 0.75 0.53231 0
445 0.53376 240.366 -0.00159332 0 28597.9 0.75 0.531131 0
446 0.533709 240.297 -0.00183368 0 28610.7 0.75 0.529276 0
447 0.533288 240.408 -0.00222749 0 28590.2 0.75 0.525983 0
448 0.532919 240.377 -0.00285318 0 28596.7 0.75 0.521095 0
449 0.532384 240.304 -0.00382513 0 28609.9 0.75 0.513626 0
450 0.531212 240.381 -0.00530064 0 28596.2 0.75 0.502074 0
451 0.529547 240.385 -0.00748732 0 28595.1 0.75 0.485141 0
452 0.527119 240.297 -0.0106554 0 28609.9 0.75 0.46069 0
453 0.523101 240.376 -0.0151465 0 28596.5 0.75 0.425656 0
454 0.517292 240.373 -0.021389 0 28597 0.75 0.377043 0
455 0.508883 240.322 -0.0299201 0 28606 0.75 0.310962 0
456 0.496749 240.363 -0.0414177 0 28599.3 0.75 0.223131 0
457 0.480057 240.37 -0.0569763 0 28598.4 0.75 0.109426 0
458 0.457743 240.342 -0.0747353 0 28603.2 0.75 -0.034069 0
459 0.428759 240.355 -0.0888047 0 28601.3 0.75 -0.209819 0
460 0.39248 240.369 -0.100236 0 28599.1 0.75 -0.421345 0
461 0.348735 240.359 -0.112201 0 28600.8 0.75 -0.663831 0
462 0.30033 240.352 -0.124806 0 28601.8 0.75 -0.891545 0
463 0.264279 240.356 -0.128446 0 28601.4 0.75 -1.07286 0
464 0.239966 240.368 -0.118655 0 28600.1 0.75 -1.21535 0
465 0.224447 240.374 -0.0946261 0 28598.8 0.75 -1.32606 0
466 0.215044 240.371 -0.0647766 0 28598.4 0.75 -1.41096 0
467 0.209642 240.363 -0.042193 0 28599 0.75 -1.47508 0
468 0.20671 240.356 -0.0261421 0 28599.7 0.75 -1.52267 0
469 0.20522 240.36 -0.0150406 0 28599.6 0.75 -1.55733 0
470 0.204522 240.37 -0.00752205 0 28598.7 0.75 -1.58209 0
471 0.204235 240.38 -0.00251773 0 28597.7 0.75 -1.59942 0
472 0.204144 240.382 0.000761151 0 28597.4 0.75 -1.61132 0
473 0.204133 240.378 0.00287298 0 28597.9 0.75 -1.61936 0
474 0.20415 240.361 0.00421045 0 28599.6 0.75 -1.6247 0
475 0.204182 240.363 0.00504137 0 28599.2 0.75 -1.62807 0
476 0.204217 240.372 0.00554582 0 28598.3 0.75 -1.63017 0
477 0.204226 240.384 0.00584498 0 28597.3 0.75 -1.63142 0
478 0.204227 240.389 0.00601595 0 28597 0.75 -1.63215 0
479 0.204225 240.379 0.00610722 0 28598.2 0.75 -1.63262 0
480 0.204216 240.362 0.00615106 0 28600 0.75 -1.63293 0
481 0.204195 240.365 0.00616846 0 28599.9 0.75 -1.63304 0
482 0.20417 240.378 0.00617252 0 28598.5 0.75 -1.63307 0
483 0.204154 240.392 0.00617044 0 28597.4 0.75 -1.63308 0
484 0.204148 240.395 0.00616069 0 28597.5 0.75 -1.63311 0
485 0.204154 240.384 0.006141 0 28598.9 0.75 -1.63317 0
486 0.204164 240.366 0.00611148 0 28600.6 0.75 -1.63326 0
487 0.204173 240.362 0.00607399 0 28600.6 0.75 -1.63332 0
488 0.204177 240.379 0.00604397 0 28598.4 0.75 -1.63333 0
489 0.204187 240.395 0.00602595 0 28596.4 0.75 -1.63338 0
490 0.204205 240.39 0.00601653 0 28596.7 0.75 -1.6335 0
491 0.204232 240.37 0.00601322 0 28598.8 0.75 -1.63371 0
492 0.204257 240.354 0.00601303 0 28600.5 0.75 -1.63394 0
493 0.204272 240.36 0.00601727 0 28600.1 0.75 -1.63411 0
494 0.204279 240.384 0.00602763 0 28597.9 0.75 -1.63422 0
495 0.204283 240.401 0.00604407 0 28596.2 0.75 -1.63431 0
496 0.204293 240.398 0.00606553 0 28596.7 0.75 -1.63444 0
497 0.204308 240.381 0.00608962 0 28598.9 0.75 -1.6346 0
498 0.204319 240.368 0.00610807 0 28600.5 0.75 -1.63473 0
499 0.204322 240.372 0.00612334 0 28599.9 0.75 -1.63478 0
500 0.204315 240.397 0.00613667 0 28597.3 0.75 -1.63475 0
501 0.204313 240.41 0.00614871 0 28595.9 0.75 -1.63474 0
502 0.204317 240.401 0.00615946 0 28597 0.75 -1.63476 0
503 0.204333 240.358 0.00616938 0 28601.5 0.75 -1.63488 0
504 0.204342 240.332 0.00618023 0 28604.2 0.75 -1.63492 0
505 0.204336 240.339 0.00619256 0 28603.4 0.75 -1.63483 0
506 0.204316 240.387 0.0062034 0 28598.6 0.75 -1.63463 0
507 0.204302 240.422 0.00621006 0 28595.8 0.75 -1.63446 0
508 0.204303 240.418 0.00621084 0 28597.2 0.75 -1.63439 0
509 0.204323 240.362 0.0062087 0 28603.4 0.75 -1.63449 0
510 0.204336 240.32 0.006204 0 28608.1 0.75 -1.63453 0
511 0.20433 240.327 0.00619599 0 28607.4 0.75 -1.63443 0
512 0.204305 240.389 0.00618441 0 28600.6 0.75 -1.63418 0
513 0.204282 240.446 0.00616776 0 28594.9 0.75 -1.63398 0
514 0.204286 240.443 0.00614558 0 28595.7 0.75 -1.634 0
515 0.204314 240.372 0.00612281 0 28603.3 0.75 -1.63422 0
516 0.204343 240.297 0.00610653 0 28610.5 0.75 -1.63447 0
517 0.204347 240.297 0.006097 0 28609.8 0.75 -1.63453 0
518 0.204321 240.378 0.0060952 0 28600.8 0.75 -1.63435 0
519 0.204294 240.468 0.00609608 0 28591.3 0.75 -1.6342 0
520 0.204303 240.471 0.00609765 0 28591.6 0.75 -1.63433 0
521 0.204343 240.382 0.00609996 0 28601.7 0.75 -1.63471 0
522 0.204391 240.27 0.00610502 0 28614 0.75 -1.63519 0
523 0.204398 240.267 0.00611571 0 28614.9 0.75 -1.63533 0
524 0.20436 240.379 0.00612981 0 28603.9 0.75 -1.63509 0
525 0.204307 240.529 0.00614219 0 28588.7 0.75 -1.63474 0
526 0.204305 240.547 0.00614939 0 28588 0.75 -1.63478 0
527 0.204356 240.426 0.00615182 0 28601.9 0.75 -1.63521 0
528 0.20443 240.245 0.00615144 0 28622.5 0.75 -1.63583 0
529 0.204441 240.23 0.00615439 0 28625.3 0.75 -1.63591 0
530 0.204386 240.381 0.00616061 0 28609.8 0.75 -1.63547 0
531 0.204294 240.619 0.00616891 0 28584.3 0.75 -1.6347 0
532 0.204275 240.647 0.00617422 0 28580.2 0.75 -1.63452 0
533 0.204334 240.467 0.00617747 0 28598 0.75 -1.63497 0
534 0.204437 240.176 0.0061797 0 28628.4 0.75 -1.63569 0
535 0.204446 240.137 0.00618461 0 28632.4 0.75 -1.63565 0
536 0.204361 240.353 0.00619043 0 28609.6 0.75 -1.63487 0
537 0.204223 240.707 0.0061953 0 28571.7 0.75 -1.6336 0
538 0.204208 240.754 0.00618832 0 28567.2 0.75 -1.63331 0
539 0.20431 240.491 0.00617157 0 28597 0.75 -1.63405 0
540 0.204467 240.075 0.00614874 0 28643 0.75 -1.63524 0
541 0.204491 240.033 0.00613888 0 28648.3 0.75 -1.63534 0
542 0.20436 240.37 0.00613686 0 28612.4 0.75 -1.63431 0
543 0.204154 240.886 0.00614276 0 28557.3 0.75 -1.63279 0
544 0.204165 240.936 0.00614015 0 28553.4 0.75 -1.6328 0
545 0.204339 240.508 0.00612836 0 28601.6 0.75 -1.63428 0
546 0.204552 239.923 0.006114 0 28665.4 0.75 -1.6363 0
547 0.204616 239.88 0.00612257 0 28669.8 0.75 -1.63667 0
548 0.204411 240.401 0.00613459 0 28614.4 0.75 -1.63528 0
549 0.204072 241.171 0.00614867 0 28533.1 0.75 -1.63304 0
550 0.204175 241.183 0.00617947 0 28533.7 0.75 -1.63292 0
551 0.20442 240.418 0.00618398 0 28618.1 0.75 -1.63598 0
552 0.204577 239.763 0.00608381 0 28689.6 0.75 -1.63871 0
553 0.204808 239.724 0.00609029 0 28693.9 0.75 -1.63836 0
554 0.204679 239.995 0.00633341 0 28663.9 0.75 -1.63147 0
555 0.203024 242.865 0.00619057 0 28387.7 0.75 -1.62911 0
556 0.2021 231.475 0.00570745 0 27754.7 0.75 -1.59154 0
557 0.149676 92.5558 0.00286746 0 15041.6 0.75 -1.26254 0
558 0.125579 1.86853 6.90263e-05 0 10093.3 0.75 -1.00464 0
559 0.125006 0.0181541 6.80623e-07 0 10000.9 0.75 -1.00005 0
560 0.125 0.00017415 6.50609e-09 0 10000 0.75 -1 0
561 0.125 1.68481e-06 3.47928e-11 0 10000 0.75 -1 0
562 0.125 2.36549e-08 -1.10173e-11 0 10000 0.75 -1 0
563 0.125 5.40056e-10 1.60964e-14 0 10000 0.75 -1 0
564 0.125 2.11486e-11 8.00556e-16 0 10000 0.75 -1 0
565 0.125 9.0713e-13 3.46063e-17 0 10000 0.75 -1 0
566 0.125 3.78661e-14 2.30712e-18 0 10000 0.75 -1 0
567 0.125 -2.82039e-17 0 0 10000 0.75 -1 0
568 0.125 4.01051e-17 0 0 10000 0.75 -1 0
569 0.125 1.88501e-14 0 0 10000 0.75 -1 0
570 0.125 -6.04362e-17 0 0 10000 0.75 -1 0
571 0.125 1.89505e-14 0 0 10000 0.75 -1 0
572 0.125 -1.20984e-17 0 0 10000 0.75 -1 0
573 0.125 1.89291e-14 0 0 10000 0.75 -1 0
574 0.125 -2.15605e-17 0 0 10000 0.75 -1 0
575 0.125 -6.15971e-17 0 0 10000 0.75 -1 0
576 0.125 1.89138e-14 0 0 10000 0.75 -1 0
577 0.125 1.45609e-17 0 0 10000 0.75 -1 0
578 0.125 4.37854e-17 0 0 10000 0.75 -1 0
579 0.125 1.88367e-14 0 0 10000 0.75 -1 0
580 0.125 -3.28184e-17 0 0 10000 0.75 -1 0
581 0.125 2.78028e-17 0 0 10000 0.75 -1 0
582 0.125 1.88725e-14 0 0 10000 0.75 -1 0
583 0.125 7.4093e-17 0 0 10000 0.75 -1 0
584 0.125 -5.25108e-17 0 0 10000 0.75 -1 0
585 0.125 1.88272e-14 0 0 10000 0.75 -1 0
586 0.125 5.86684e-17 0 0 10000 0.75 -1 0
587 0.125 -1.75034e-17 0 0 10000 0.75 -1 0
588 0.125 1.89354e-14 0 0 10000 0.75 -1 0
589 0.125 -2.36577e-17 0 0 10000 0.75 -1 0
590 0.125 -6.1138e-17 0 0 10000 0.75 -1 0
591 0.125 1.89195e-14 0 0 10000 0.75 -1 0
592 0.125 8.37202e-18 0 0 10000 0.75 -1 0
593 0.125 1.89037e-14 0 0 10000 0.75 -1 0
594 0.125 4.42946e-18 0 0 10000 0.75 -1 0
595 0.125 -1.89e-14 0 0 10000 0.75 -1 0
596 0.125 0 0 0 10000 0.75 -1 0
597 0.125 0 0 0 10000 0.75 -1 0
598 0.125 0 0 0 10000 0.75 -1 0
599 0.125 0 0 0 10000 0.75 -1 0
600 0.125 0 0 0 10000 0.75 -1 0
601 0.125 0 0 0 10000 0.75 -1 0
602 0.125 0 0 0 10000 0.75 -1 0
603 0.125 0 0 0 10000 0.75 -1 0
604 0.125 0 0 0 10000 0.75 -1 0
605 0.125 0 0 0 10000 0.75 -1 0
606 0.125 0 0 0 10000 0.75 -1 0
607 0.125 0 0 0 10000 0.75 -1 0
608 0.125 0 0 0 10000 0.75 -1 0
609 0.125 0 0 0 10000 0.75 -1 0
610 0.125 0 0 0 10000 0.75 -1 0
611 0.125 0 0 0 10000 0.75 -1 0
612 0.125 0 0 0 10000 0.75 -1 0
613 0.125 0 0 0 10000 0.75 -1 0
614 0.125 0 0 0 10000 0.75 -1 0
615 0.125 0 0 0 10000 0.75 -1 0
616 0.125 0 0 0 10000 0.75 -1 0
617 0.125 0 0 0 10000 0.75 -1 0
618 0.125 0 0 0 10000 0.75 -1 0
619 0.125 0 0 0 10000 0.75 -1 0
620 0.125 0 0 0 10000 0.75 -1 0
621 0.125 0 0 0 10000 0.75 -1 0
622 0.125 0 0 0 10000 0.75 -1 0
623 0.125 0 0 0 10000 0.75 -1 0
624 0.125 0 0 0 10000 0.75 -1 0
625 0.125 0 0 0 10000 0.75 -1 0
626 0.125 0 0 0 10000 0.75 -1 0
627 0.125 0 0 0 10000 0.75 -1 0
628 0.125 0 0 0 10000 0.75 -1 0
629 0.125 0 0 0 10000 0.75 -1 0
630 0.125 0 0 0 10000 0.75 -1 0
631 0.125 0 0 0 10000 0.75 -1 0
632 0.125 0 0 0 10000 0.75 -1 0
633 0.125 0 0 0 10000 0.75 -1 0
634 0.125 0 0 0 10000 0.75 -1 0
635 0.125 0 0 0 10000 0.75 -1 0
636 0.125 0 0 0 10000 0.75 -1 0
637 0.125 0 0 0 10000 0.75 -1 0
638 0.125 0 0 0 10000 0.75 -1 0
639 0.125 0 0 0 10000 0.75 -1 0
640 0.125 0 0 0 10000 0.75 -1 0
641 0.125 0 0 0 10000 0.75 -1 0
642 0.125 0 0 0 10000 0.75 -1 0
643 0.125 0 0 0 10000 0.75 -1 0
644 0.125 0 0 0 10000 0.75 -1 0
645 0.125 0 0 0 10000 0.75 -1 0
646 0.125 0 0 0 10000 0.75 -1 0
647 0.125 0 0 0 10000 0.75 -1 0
648 0.125 0 0 0 10000 0.75 -1 0
649 0.125 0 0 0 10000 0.75 -1 0
650 0.125 0 0 0 10000 0.75 -1 0
651 0.125 0 0 0 10000 0.75 -1 0
652 0.125 0 0 0 10000 0.75 -1 0
653 0.125 0 0 0 10000 0.75 -1 0
654 0.125 0 0 0 10000 0.75 -1 0
655 0.125 0 0 0 10000 0.75 -1 0
656 0.125 0 0 0 10000 0.75 -1 0
657 0.125 0 0 0 10000 0.75 -1 0
658 0.125 0 0 0 10000 0.75 -1 0
659 0.125 0 0 0 10000 0.75 -1 0
660 0.125 0 0 0 10000 0.75 -1 0
661 0.125 0 0 0 10000 0.75 -1 0
662 0.125 0 0 0 10000 0.75 -1 0
663 0.125 0 0 0 10000 0.75 -1 0
664 0.125 0 0 0 10000 0.75 -1 0
665 0.125 0 0 0 10000 0.75 -1 0
666 0.125 0 0 0 10000 0.75 -1 0
667 0.125 0 0 0 10000 0.75 -1 0
668 0.125 0 0 0 10000 0.75 -1 0
669 0.125 0 0 0 10000 0.75 -1 0
670 0.125 0 0 0 10000 0.75 -1 0
671 0.125 0 0 0 10000 0.75 -1 0
672 0.125 0 0 0 10000 0.75 -1 0
673 0.125 0 0 0 10000 0.75 -1 0
674 0.125 0 0 0 10000 0.75 -1 0
675 0.125 0 0 0 10000 0.75 -1 0
676 0.125 0 0 0 10000 0.75 -1 0
677 0.125 0 0 0 10000 0.75 -1 0
678 0.125 0 0 0 10000 0.75 -1 0
679 0.125 0 0 0 10000 0.75 -1 0
680 0.125 0 0 0 10000 0.75 -1 0
681 0.125 0 0 0 10000 0.75 -1 0
682 0.125 0 0 0 10000 0.75 -1 0
683 0.125 0 0 0 10000 0.75 -1 0
684 0.125 0 0 0 10000 0.75 -1 0
685 0.125 0 0 0 10000 0.75 -1 0
686 0.125 0 0 0 10000 0.75 -1 0
687 0.125 0 0 0 10000 0.75 -1 0
688 0.125 0 0 0 10000 0.75 -1 0
689 0.125 0 0 0 10000 0.75 -1 0
690 0.125 0 0 0 10000 0.75 -1 0
691 0.125 0 0 0 10000 0.75 -1 0
692 0.125 0 0 0 10000 0.75 -1 0
693 0.125 0 0 0 10000 0.75 -1 0
694 0.125 0 0 0 10000 0.75 -1 0
695 0.125 0 0 0 10000 0.75 -1 0
696 0.125 0 0 0 10000 0.75 -1 0
697 0.125 0 0 0 10000 0.75 -1 0
698 0.125 0 0 0 10000 0.75 -1 0
699 0.125 0 0 0 10000 0.75 -1 0
700 0.125 0 0 0 10000 0.75 -1 0
701 0.125 0 0 0 10000 0.75 -1 0
702 0.125 0 0 0 10000 0.75 -1 0
703 0.125 0 0 0 10000 0.75 -1 0
704 0.125 0 0 0 10000 0.75 -1 0
705 0.125 0 0 0 10000 0.75 -1 0
706 0.125 0 0 0 10000 0.75 -1 0
707 0.125 0 0 0 10000 0.75 -1 0
708 0.125 0 0 0 10000 0.75 -1 0
709 0.125 0 0 0 10000 0.75 -1 0
710 0.125 0 0 0 10000 0.75 -1 0
711 0.125 0 0 0 10000 0.75 -1 0
712 0.125 0 0 0 10000 0.75 -1 0
713 0.125 0 0 0 10000 0.75 -1 0
714 0.125 0 0 0 10000 0.75 -1 0
715 0.125 0 0 0 10000 0.75 -1 0
716 0.125 0 0 0 10000 0.75 -1 0
717 0.125 0 0 0 10000 0.75 -1 0
718 0.125 0 0 0 10000 0.75 -1 0
719 0.125 0 0 0 10000 0.75 -1 0
720 0.125 0 0 0 10000 0.75 -1 0
721 0.125 0 0 0 10000 0.75 -1 0
722 0.125 0 0 0 10000 0.75 -1 0
723 0.125 0 0 0 10000 0.75 -1 0
724 0.125 0 0 0 10000 0.75 -1 0
725 0.125 0 0 0 10000 0.75 -1 0
726 0.125 0 0 0 10000 0.75 -1 0
727 0.125 0 0 0 10000 0.75 -1 0
728 0.125 0 0 0 10000 0.75 -1 0
729 0.125 0 0 0 10000 0.75 -1 0
730 0.125 0 0 0 10000 0.75 -1 0
731 0.125 0 0 0 10000 0.75 -1 0
732 0.125 0 0 0 10000 0.75 -1 0
733 0.125 0 0 0 10000 0.75 -1 0
734 0.125 0 0 0 10000 0.75 -1 0
735 0.125 0 0 0 10000 0.75 -1 0
736 0.125 0 0 0 10000 0.75 -1 0
737 0.125 0 0 0 10000 0.75 -1 0
738 0.125 0 0 0 10000 0.75 -1 0
739 0.125 0 0 0 10000 0.75 -1 0
740 0.125 0 0 0 10000 0.75 -1 0
741 0.125 0 0 0 10000 0.75 -1 0
742 0.125 0 0 0 10000 0.75 -1 0
743 0.125 0 0 0 10000 0.75 -1 0
744 0.125 0 0 0 10000 0.75 -1 0
745 0.125 0 0 0 10000 0.75 -1 0
746 0.125 0 0 0 10000 0.75 -1 0
747 0.125 0 0 0 10000 0.75 -1 0
748 0.125 0 0 0 10000 0.75 -1 0
749 0.125 0 0 0 10000 0.75 -1 0
750 0.125 0 0 0 10000 0.75 -1 0
751 0.125 0 0 0 10000 0.75 -1 0
752 0.125 0 0 0 10000 0.75 -1 0
753 0.125 0 0 0 10000 0.75 -1 0
754 0.125 0 0 0 10000 0.75 -1 0
755 0.125 0 0 0 10000 0.75 -1 0
756 0.125 0 0 0 10000 0.75 -1 0
757 0.125 0 0 0 10000 0.75 -1 0
758 0.125 0 0 0 10000 0.75 -1 0
759 0.125 0 0 0 10000 0.75 -1 0
760 0.125 0 0 0 10000 0.75 -1 0
761 0.125 0 0 0 10000 0.75 -1 0
762 0.125 0 0 0 10000 0.75 -1 0
763 0.125 0 0 0 10000 0.75 -1 0
764 0.125 0 0 0 10000 0.75 -1 0
765 0.125 0 0 0 10000 0.75 -1 0
766 0.125 0 0 0 10000 0.75 -1 0
767 0.125 0 0 0 10000 0.75 -1 0
768 0.125 0 0 0 10000 0.75 -1 0
769 0.125 0 0 0 10000 0.75 -1 0
770 0.125 0 0 0 10000 0.75 -1 0
771 0.125 0 0 0 10000 0.75 -1 0
772 0.125 0 0 0 10000 0.75 -1 0
773 0.125 0 0 0 10000 0.75 -1 0
774 0.125 0 0 0 10000 0.75 -1 0
775 0.125 0 0 0 10000 0.75 -1 0
776 0.125 0 0 0 10000 0.75 -1 0
777 0.125 0 0 0 10000 0.75 -1 0
778 0.125 0 0 0 10000 0.75 -1 0
779 0.125 0 0 0 10000 0.75 -1 0
780 0.125 0 0 0 10000 0.75 -1 0
781 0.125 0 0 0 10000 0.75 -1 0
782 0.125 0 0 0 10000 0.75 -1 0
783 0.125 0 0 0 10000 0.75 -1 0
784 0.125 0 0 0 10000 0.75 -1 0
785 0.125 0 0 0 10000 0.75 -1 0
786 0.125 0 0 0 10000 0.75 -1 0
787 0.125 0 0 0 10000 0.75 -1 0
788 0.125 0 0 0 10000 0.75 -1 0
789 0.125 0 0 0 10000 0.75 -1 0
790 0.125 0 0 0 10000 0.75 -1 0
791 0.125 0 0 0 10000 0.75 -1 0
792 0.125 0 0 0 10000 0.75 -1 0
793 0.125 0 0 0 10000 0.75 -1 0
794 0.125 0 0 0 10000 0.75 -1 0
795 0.125 0 0 0 10000 0.75 -1 0
796 0.125 0 0 0 10000 0.75 -1 0
797 0.125 0 0 0 10000 0.75 -1 0
798 0.125 0 0 0 10000 0.75 -1 0
799 0.125 0 0 0 10000 0.75 -1 0
800 0.125 0 0 0 10000 0.75 -1 0
801 0.125 0 0 0 10000 0.75 -1 0
802 0.125 103.906 0.00779277 0 9325.22 0.75 -1 0
