-1 -1 0.125 0 0 10000
-0.933333 -1 0.125 0 -0 10000
-0.866667 -1 0.125 0 -0 10000
-0.8 -1 0.125 0 -0 10000
-0.733333 -1 0.125 0 -0 10000
-0.666667 -1 0.125 0 -0 10000
-0.6 -1 0.125 0 -0 10000
-0.533333 -1 0.125 0 -0 10000
-0.466667 -1 0.125 0 -0 10000
-0.4 -1 0.125 0 -0 10000
-0.333333 -1 0.125 0 -0 10000
-0.266667 -1 0.125 0 -0 10000
-0.2 -1 0.125 0 -0 10000
-0.133333 -1 0.125 0 -0 10000
-0.0666667 -1 0.125 0 -0 10000
0 -1 0.125 0 -0 10000
0.0666667 -1 0.125 0 -0 10000
0.133333 -1 0.125 0 -0 10000
0.2 -1 0.125 0 -0 10000
0.266667 -1 0.125 0 -0 10000
0.333333 -1 0.125 0 -0 10000
0.4 -1 0.125 0 -0 10000
0.466667 -1 0.125 0 -0 10000
0.533333 -1 0.125 0 -0 10000
0.6 -1 0.125 0 -0 10000
0.666667 -1 0.125 0 -0 10000
0.733333 -1 0.125 0 -0 10000
0.8 -1 0.125 0 -0 10000
0.866667 -1 0.125 0 -0 10000
0.933333 -1 0.125 0 -0 10000
1 -1 0.125 1.00972e-27 -0 10000

-1 -0.933333 0.125 0 -0 10000
-0.933333 -0.933333 0.125 0 0 10000
-0.866667 -0.933333 0.125 0 0 10000
-0.8 -0.933333 0.125 0 0 10000
-0.733333 -0.933333 0.125 0 0 10000
-0.666667 -0.933333 0.125 0 0 10000
-0.6 -0.933333 0.125 0 0 10000
-0.533333 -0.933333 0.125 0 0 10000
-0.466667 -0.933333 0.125 0 0 10000
-0.4 -0.933333 0.125 0 0 10000
-0.333333 -0.933333 0.125 0 0 10000
-0.266667 -0.933333 0.125 0 0 10000
-0.2 -0.933333 0.125 0 0 10000
-0.133333 -0.933333 0.125 0 0 10000
-0.0666667 -0.933333 0.125 0 0 10000
0 -0.933333 0.125 0 0 10000
0.0666667 -0.933333 0.125 0 0 10000
0.133333 -0.933333 0.125 0 0 10000
0.2 -0.933333 0.125 0 0 10000
0.266667 -0.933333 0.125 0 0 10000
0.333333 -0.933333 0.125 0 0 10000
0.4 -0.933333 0.125 0 0 10000
0.466667 -0.933333 0.125 0 0 10000
0.533333 -0.933333 0.125 0 0 10000
0.6 -0.933333 0.125 0 0 10000
0.666667 -0.933333 0.125 0 0 10000
0.733333 -0.933333 0.125 0 0 10000
0.8 -0.933333 0.125 0 0 10000
0.866667 -0.933333 0.125 0 0 10000
0.933333 -0.933333 0.125 0 0 10000
1 -0.933333 0.125 1.00972e-27 0 10000

-1 -0.866667 0.125 0 -0 10000
-0.933333 -0.866667 0.125 0 0 10000
-0.866667 -0.866667 0.125 0 0 10000
-0.8 -0.866667 0.125 0 0 10000
-0.733333 -0.866667 0.125 0 0 10000
-0.666667 -0.866667 0.125 0 0 10000
-0.6 -0.866667 0.125 0 0 10000
-0.533333 -0.866667 0.125 0 0 10000
-0.466667 -0.866667 0.125 0 0 10000
-0.4 -0.866667 0.125 0 0 10000
-0.333333 -0.866667 0.125 0 0 10000
-0.266667 -0.866667 0.125 0 0 10000
-0.2 -0.866667 0.125 0 0 10000
-0.133333 -0.866667 0.125 0 0 10000
-0.0666667 -0.866667 0.125 0 0 10000
0 -0.866667 0.125 0 0 10000
0.0666667 -0.866667 0.125 0 0 10000
0.133333 -0.866667 0.125 0 0 10000
0.2 -0.866667 0.125 0 0 10000
0.266667 -0.866667 0.125 0 0 10000
0.333333 -0.866667 0.125 0 0 10000
0.4 -0.866667 0.125 0 0 10000
0.466667 -0.866667 0.125 0 0 10000
0.533333 -0.866667 0.125 0 0 10000
0.6 -0.866667 0.125 0 0 10000
0.666667 -0.866667 0.125 0 0 10000
0.733333 -0.866667 0.125 0 0 10000
0.8 -0.866667 0.125 0 0 10000
0.866667 -0.866667 0.125 0 0 10000
0.933333 -0.866667 0.125 0 0 10000
1 -0.866667 0.125 1.00972e-27 0 10000

-1 -0.8 0.125 0 -0 10000
-0.933333 -0.8 0.125 0 0 10000
-0.866667 -0.8 0.125 0 0 10000
-0.8 -0.8 0.125 0 0 10000
-0.733333 -0.8 0.125 0 0 10000
-0.666667 -0.8 0.125 0 0 10000
-0.6 -0.8 0.125 0 0 10000
-0.533333 -0.8 0.125 0 0 10000
-0.466667 -0.8 0.125 0 0 10000
-0.4 -0.8 0.125 0 0 10000
-0.333333 -0.8 0.125 0 0 10000
-0.266667 -0.8 0.125 0 0 10000
-0.2 -0.8 0.125 0 0 10000
-0.133333 -0.8 0.125 0 0 10000
-0.0666667 -0.8 0.125 0 0 10000
0 -0.8 0.125 0 0 10000
0.0666667 -0.8 0.125 0 0 10000
0.133333 -0.8 0.125 0 0 10000
0.2 -0.8 0.125 0 0 10000
0.266667 -0.8 0.125 0 0 10000
0.333333 -0.8 0.125 0 0 10000
0.4 -0.8 0.125 0 0 10000
0.466667 -0.8 0.125 0 0 10000
0.533333 -0.8 0.125 0 0 10000
0.6 -0.8 0.125 0 0 10000
0.666667 -0.8 0.125 0 0 10000
0.733333 -0.8 0.125 0 0 10000
0.8 -0.8 0.125 0 0 10000
0.866667 -0.8 0.125 0 0 10000
0.933333 -0.8 0.125 0 0 10000
1 -0.8 0.125 1.00972e-27 0 10000

-1 -0.733333 0.125 0 -0 10000
-0.933333 -0.733333 0.125 0 0 10000
-0.866667 -0.733333 0.125 0 0 10000
-0.8 -0.733333 0.125 0 0 10000
-0.733333 -0.733333 0.125 0 0 10000
-0.666667 -0.733333 0.125 0 0 10000
-0.6 -0.733333 0.125 0 0 10000
-0.533333 -0.733333 0.125 0 0 10000
-0.466667 -0.733333 0.125 0 0 10000
-0.4 -0.733333 0.125 0 0 10000
-0.333333 -0.733333 0.125 0 0 10000
-0.266667 -0.733333 0.125 0 0 10000
-0.2 -0.733333 0.125 0 0 10000
-0.133333 -0.733333 0.125 0 0 10000
-0.0666667 -0.733333 0.125 0 0 10000
0 -0.733333 0.125 0 0 10000
0.0666667 -0.733333 0.125 0 0 10000
0.133333 -0.733333 0.125 0 0 10000
0.2 -0.733333 0.125 0 0 10000
0.266667 -0.733333 0.125 0 0 10000
0.333333 -0.733333 0.125 0 0 10000
0.4 -0.733333 0.125 0 0 10000
0.466667 -0.733333 0.125 0 0 10000
0.533333 -0.733333 0.125 0 0 10000
0.6 -0.733333 0.125 0 0 10000
0.666667 -0.733333 0.125 0 0 10000
0.733333 -0.733333 0.125 0 0 10000
0.8 -0.733333 0.125 0 0 10000
0.866667 -0.733333 0.125 0 0 10000
0.933333 -0.733333 0.125 0 0 10000
1 -0.733333 0.125 1.00972e-27 0 10000

-1 -0.666667 0.125 0 -0 10000
-0.933333 -0.666667 0.125 0 0 10000
-0.866667 -0.666667 0.125 0 0 10000
-0.8 -0.666667 0.125 0 0 10000
-0.733333 -0.666667 0.125 0 0 10000
-0.666667 -0.666667 0.125 0 0 10000
-0.6 -0.666667 0.125 0 0 10000
-0.533333 -0.666667 0.125 0 0 10000
-0.466667 -0.666667 0.125 0 0 10000
-0.4 -0.666667 0.125 0 0 10000
-0.333333 -0.666667 0.125 0 0 10000
-0.266667 -0.666667 0.125 0 0 10000
-0.2 -0.666667 0.125 0 0 10000
-0.133333 -0.666667 0.125 0 0 10000
-0.0666667 -0.666667 0.125 0 0 10000
0 -0.666667 0.125 0 0 10000
0.0666667 -0.666667 0.125 0 0 10000
0.133333 -0.666667 0.125 0 0 10000
0.2 -0.666667 0.125 0 0 10000
0.266667 -0.666667 0.125 0 0 10000
0.333333 -0.666667 0.125 0 0 10000
0.4 -0.666667 0.125 0 0 10000
0.466667 -0.666667 0.125 0 0 10000
0.533333 -0.666667 0.125 0 0 10000
0.6 -0.666667 0.125 0 0 10000
0.666667 -0.666667 0.125 0 0 10000
0.733333 -0.666667 0.125 0 0 10000
0.8 -0.666667 0.125 0 0 10000
0.866667 -0.666667 0.125 0 0 10000
0.933333 -0.666667 0.125 0 0 10000
1 -0.666667 0.125 1.00972e-27 0 10000

-1 -0.6 0.125 0 -0 10000
-0.933333 -0.6 0.125 0 0 10000
-0.866667 -0.6 0.125 0 0 10000
-0.8 -0.6 0.125 0 0 10000
-0.733333 -0.6 0.125 0 0 10000
-0.666667 -0.6 0.125 0 0 10000
-0.6 -0.6 0.125 0 0 10000
-0.533333 -0.6 0.125 0 0 10000
-0.466667 -0.6 0.125 0 0 10000
-0.4 -0.6 0.125 0 0 10000
-0.333333 -0.6 0.125007 -0.0116767 -0.0156286 10000.8
-0.266667 -0.6 0.125129 -0.215538 -0.319798 10014.7
-0.2 -0.6 0.126028 -1.75233 -2.78856 10121.9
-0.133333 -0.6 0.131156 -11.7651 -19.1064 10806.3
-0.0666667 -0.6 0.18487 -150.95 -188.228 21388.7
0 -0.6 0.270778 -197.345 -326.412 34093.8
0.0666667 -0.6 0.177156 -68.6083 -138.451 17181.4
0.133333 -0.6 0.139606 -20.8952 -41.6258 11804.3
0.2 -0.6 0.128064 -3.8462 -8.78749 10355
0.266667 -0.6 0.125292 -0.324474 -0.875576 10033
0.333333 -0.6 0.125012 -0.0129343 -0.0383585 10001.3
0.4 -0.6 0.125 -0.000216259 -0.000595903 10000
0.466667 -0.6 0.125 1.14158e-09 1.19877e-09 10000
0.533333 -0.6 0.125 3.46086e-13 -6.48278e-13 10000
0.6 -0.6 0.125 0 0 10000
0.666667 -0.6 0.125 0 0 10000
0.733333 -0.6 0.125 0 0 10000
0.8 -0.6 0.125 0 0 10000
0.866667 -0.6 0.125 0 0 10000
0.933333 -0.6 0.125 0 0 10000
1 -0.6 0.125 1.00972e-27 0 10000

-1 -0.533333 0.125 0 -0 10000
-0.933333 -0.533333 0.125 0 0 10000
-0.866667 -0.533333 0.125 0 0 10000
-0.8 -0.533333 0.125 0 0 10000
-0.733333 -0.533333 0.125 0 0 10000
-0.666667 -0.533333 0.125 0 0 10000
-0.6 -0.533333 0.125 0 0 10000
-0.533333 -0.533333 0.125 0 0 10000
-0.466667 -0.533333 0.125008 -0.0148167 -0.01992 10001
-0.4 -0.533333 0.12518 -0.302803 -0.449109 10020.8
-0.333333 -0.533333 0.126549 -2.5993 -4.09116 10182.9
-0.266667 -0.533333 0.131922 -11.7955 -19.0491 10832.9
-0.2 -0.533333 0.141041 -29.506 -43.9792 11896.5
-0.133333 -0.533333 0.156727 -76.2453 -90.7677 14201.5
-0.0666667 -0.533333 0.308717 -330.736 -299.27 34929.6
0 -0.533333 0.613566 -303.743 -378.06 70911.5
0.0666667 -0.533333 0.344912 -240.644 -336.017 34351.8
0.133333 -0.533333 0.220359 -152.609 -207.57 20610.2
0.2 -0.533333 0.165579 -67.0028 -106.665 14908.3
0.266667 -0.533333 0.138278 -20.5934 -38.5477 11605.6
0.333333 -0.533333 0.12775 -3.71843 -8.11862 10321.1
0.4 -0.533333 0.125263 -0.317643 -0.81534 10030.4
0.466667 -0.533333 0.125011 -0.0130022 -0.0364068 10001.2
0.533333 -0.533333 0.125 -0.000222124 -0.000577499 10000
0.6 -0.533333 0.125 1.14182e-09 1.19846e-09 10000
0.666667 -0.533333 0.125 3.35571e-13 -6.61784e-13 10000
0.733333 -0.533333 0.125 0 0 10000
0.8 -0.533333 0.125 0 0 10000
0.866667 -0.533333 0.125 0 0 10000
0.933333 -0.533333 0.125 0 0 10000
1 -0.533333 0.125 1.00972e-27 0 10000

-1 -0.466667 0.125 0 -0 10000
-0.933333 -0.466667 0.125 0 0 10000
-0.866667 -0.466667 0.125 0 0 10000
-0.8 -0.466667 0.125 0 0 10000
-0.733333 -0.466667 0.125 0 0 10000
-0.666667 -0.466667 0.125 0 0 10000
-0.6 -0.466667 0.125 0 0 10000
-0.533333 -0.466667 0.125008 -0.0137258 -0.0193227 10000.9
-0.466667 -0.466667 0.125231 -0.39917 -0.564859 10026.9
-0.4 -0.466667 0.127568 -4.58925 -6.65431 10310.8
-0.333333 -0.466667 0.139386 -26.6119 -38.4076 11809.6
-0.266667 -0.466667 0.16766 -83.7984 -107.393 15107.1
-0.2 -0.466667 0.192255 -137.654 -159.053 16771.9
-0.133333 -0.466667 0.204012 -181.402 -184.333 17438.1
-0.0666667 -0.466667 0.369661 -344.983 -266.331 37703.8
0 -0.466667 0.824074 -273.48 -286.906 87809.5
0.0666667 -0.466667 0.520077 -240.045 -305.235 47174.1
0.133333 -0.466667 0.361892 -269.98 -315.89 29608.6
0.2 -0.466667 0.27633 -237.471 -282.959 23977.3
0.266667 -0.466667 0.202036 -138.116 -179.85 18195.9
0.333333 -0.466667 0.149118 -42.8128 -68.1426 12828.2
0.4 -0.466667 0.128606 -5.55914 -11.1432 10415.3
0.466667 -0.466667 0.125275 -0.3653 -0.896839 10031.3
0.533333 -0.466667 0.125011 -0.0128865 -0.0352064 10001.2
0.6 -0.466667 0.125 -0.000209124 -0.000511846 10000
0.666667 -0.466667 0.125 1.1088e-09 1.14342e-09 10000
0.733333 -0.466667 0.125 3.39333e-13 -7.29312e-13 10000
0.8 -0.466667 0.125 0 0 10000
0.866667 -0.466667 0.125 0 0 10000
0.933333 -0.466667 0.125 0 0 10000
1 -0.466667 0.125 1.00972e-27 0 10000

-1 -0.4 0.125 0 -0 10000
-0.933333 -0.4 0.125 0 0 10000
-0.866667 -0.4 0.125 0 0 10000
-0.8 -0.4 0.125 0 0 10000
-0.733333 -0.4 0.125 0 0 10000
-0.666667 -0.4 0.125 0 0 10000
-0.6 -0.4 0.125 0 0 10000
-0.533333 -0.4 0.125051 -0.106195 -0.107835 10005.8
-0.466667 -0.4 0.126191 -2.50053 -2.70388 10141.3
-0.4 -0.4 0.135798 -23.0529 -26.1237 11338
-0.333333 -0.4 0.173096 -98.8234 -112.442 16052.7
-0.266667 -0.4 0.234248 -194.051 -211.393 20191.3
-0.2 -0.4 0.260429 -229.305 -245.349 19917.6
-0.133333 -0.4 0.255486 -229.326 -238.009 18633.7
-0.0666667 -0.4 0.39382 -269.594 -198.565 35096.6
0 -0.4 0.846621 -207.693 -196.48 85291.9
0.0666667 -0.4 0.671298 -188.981 -226.774 59703.7
0.133333 -0.4 0.511413 -220.604 -265.446 42507.3
0.2 -0.4 0.40587 -254.541 -302.227 32452.9
0.266667 -0.4 0.313863 -254.061 -294.671 24253.9
0.333333 -0.4 0.206861 -151.852 -187.64 17978.9
0.4 -0.4 0.14155 -32.7495 -50.3404 11857.8
0.466667 -0.4 0.126426 -2.69321 -5.04216 10160.1
0.533333 -0.4 0.125053 -0.119039 -0.224898 10005.9
0.6 -0.4 0.125001 -0.00239406 -0.00357842 10000.1
0.666667 -0.4 0.125 3.48479e-09 3.45486e-09 10000
0.733333 -0.4 0.125 7.15807e-13 -8.05301e-14 10000
0.8 -0.4 0.125 0 2.21069e-19 10000
0.866667 -0.4 0.125 0 0 10000
0.933333 -0.4 0.125 0 0 10000
1 -0.4 0.125 1.00972e-27 0 10000

-1 -0.333333 0.125 0 -0 10000
-0.933333 -0.333333 0.125 0 0 10000
-0.866667 -0.333333 0.125 0 0 10000
-0.8 -0.333333 0.125 0 0 10000
-0.733333 -0.333333 0.125 0 0 10000
-0.666667 -0.333333 0.125 0 0 10000
-0.6 -0.333333 0.125008 -0.0139102 -0.0195376 10000.9
-0.533333 -0.333333 0.125304 -0.592171 -0.661398 10035.3
-0.466667 -0.333333 0.129219 -8.82296 -9.18904 10505.9
-0.4 -0.333333 0.152894 -57.5492 -58.8493 13387.1
-0.333333 -0.333333 0.220088 -164.396 -168.512 20245.8
-0.266667 -0.333333 0.298376 -224.021 -235.496 23736.1
-0.2 -0.333333 0.339544 -220.568 -245.39 24908.1
-0.133333 -0.333333 0.343349 -198.062 -227.88 24985.5
-0.0666667 -0.333333 0.455797 -181.477 -155.063 38460.3
0 -0.333333 0.831381 -126.13 -111.165 81585
0.0666667 -0.333333 0.764165 -117.682 -142.949 69177.3
0.133333 -0.333333 0.679815 -147.961 -178.021 59578.2
0.2 -0.333333 0.5685 -183.287 -224.629 47557.7
0.266667 -0.333333 0.434326 -216.05 -268.198 34579.7
0.333333 -0.333333 0.295172 -212.019 -263.47 23498.5
0.4 -0.333333 0.173752 -97.4488 -128.11 14952.6
0.466667 -0.333333 0.130872 -12.4868 -20.7288 10646.3
0.533333 -0.333333 0.125342 -0.739513 -1.39973 10037.7
0.6 -0.333333 0.12501 -0.0214437 -0.0434397 10001.1
0.666667 -0.333333 0.125 -0.000209226 -0.00049791 10000
0.733333 -0.333333 0.125 1.10858e-09 1.14422e-09 10000
0.8 -0.333333 0.125 3.37644e-13 -7.29312e-13 10000
0.866667 -0.333333 0.125 0 0 10000
0.933333 -0.333333 0.125 0 0 10000
1 -0.333333 0.125 1.00972e-27 0 10000

-1 -0.266667 0.125 0 -0 10000
-0.933333 -0.266667 0.125 0 0 10000
-0.866667 -0.266667 0.125 0 0 10000
-0.8 -0.266667 0.125 0 0 10000
-0.733333 -0.266667 0.125 0 0 10000
-0.666667 -0.266667 0.125 0 0 10000
-0.6 -0.266667 0.125052 -0.110147 -0.115163 10005.9
-0.533333 -0.266667 0.126262 -2.77748 -2.8473 10150
-0.466667 -0.266667 0.137354 -27.2584 -27.6678 11527.7
-0.4 -0.266667 0.184101 -108.883 -110.928 16972
-0.333333 -0.266667 0.275787 -192.562 -192.662 23974.8
-0.266667 -0.266667 0.389942 -184.726 -198.96 31442.8
-0.2 -0.266667 0.488667 -151.687 -182.58 38062.4
-0.133333 -0.266667 0.526228 -124.467 -163.072 41584.2
-0.0666667 -0.266667 0.604672 -99.1205 -110.562 51666.2
0 -0.266667 0.869682 -55.7749 -51.9463 84108.6
0.0666667 -0.266667 0.869976 -49.155 -64.974 82537.5
0.133333 -0.266667 0.806704 -70.7214 -94.2067 74993.1
0.2 -0.266667 0.730872 -104.199 -136.774 65738.4
0.266667 -0.266667 0.617045 -140.148 -183.454 53429.9
0.333333 -0.266667 0.425814 -168.474 -232.887 35540.7
0.4 -0.266667 0.239267 -167.737 -224.311 19796.7
0.466667 -0.266667 0.145267 -46.4634 -65.7403 12130.6
0.533333 -0.266667 0.126416 -3.29791 -5.62835 10154.1
0.6 -0.266667 0.125048 -0.124903 -0.225643 10005.3
0.666667 -0.266667 0.125001 -0.0021697 -0.00327505 10000.1
0.733333 -0.266667 0.125 3.48451e-09 3.45642e-09 10000
0.8 -0.266667 0.125 7.1243e-13 -8.05301e-14 10000
0.866667 -0.266667 0.125 0 2.21069e-19 10000
0.933333 -0.266667 0.125 0 0 10000
1 -0.266667 0.125 1.00972e-27 0 10000

-1 -0.2 0.125 0 -0 10000
-0.933333 -0.2 0.125 0 0 10000
-0.866667 -0.2 0.125 0 0 10000
-0.8 -0.2 0.125 0 0 10000
-0.733333 -0.2 0.125 0 0 10000
-0.666667 -0.2 0.125 0 0 10000
-0.6 -0.2 0.125133 -0.322328 -0.224814 10015.4
-0.533333 -0.2 0.127854 -6.76268 -5.36739 10341.3
-0.466667 -0.2 0.148406 -50.51 -44.4996 12841.3
-0.4 -0.2 0.220615 -149.492 -142.504 20141.4
-0.333333 -0.2 0.343615 -177.029 -178.675 29540.2
-0.266667 -0.2 0.530377 -130.364 -144.743 44820.8
-0.2 -0.2 0.681034 -87.0476 -111.471 59254.1
-0.133333 -0.2 0.747532 -59.9366 -89.0939 66679
-0.0666667 -0.2 0.805826 -38.5109 -59.7635 74058.7
0 -0.2 0.941396 -17.5652 -20.6448 92013.4
0.0666667 -0.2 0.954909 -11.842 -19.0705 93944.4
0.133333 -0.2 0.927627 -18.7066 -30.455 90521
0.2 -0.2 0.868305 -40.9924 -60.0638 82940.7
0.266667 -0.2 0.787288 -71.2773 -101.476 73147.4
0.333333 -0.2 0.616304 -108.176 -160.261 55698.1
0.4 -0.2 0.337155 -138.88 -213.772 29292.4
0.466667 -0.2 0.17016 -92.4697 -126.591 14208.1
0.533333 -0.2 0.128654 -9.88869 -15.1378 10382.4
0.6 -0.2 0.125127 -0.507131 -0.745331 10013.4
0.666667 -0.2 0.125001 -0.0122374 -0.0122266 10000
0.733333 -0.2 0.125 4.83401e-09 5.17026e-09 10000
0.8 -0.2 0.125 4.60885e-13 6.61784e-13 10000
0.866667 -0.2 0.125 0 0 10000
0.933333 -0.2 0.125 0 0 10000
1 -0.2 0.125 1.00972e-27 0 10000

-1 -0.133333 0.125 0 -0 10000
-0.933333 -0.133333 0.125 0 0 10000
-0.866667 -0.133333 0.125 0 0 10000
-0.8 -0.133333 0.125 0 0 10000
-0.733333 -0.133333 0.125 0 0 10000
-0.666667 -0.133333 0.125 0 0 10000
-0.6 -0.133333 0.125194 -0.46545 -0.199142 10022.4
-0.533333 -0.133333 0.129108 -9.07972 -5.26688 10480.3
-0.466667 -0.133333 0.157994 -58.2078 -43.88 13764.1
-0.4 -0.133333 0.255983 -145.963 -133.753 22792.6
-0.333333 -0.133333 0.445366 -137.639 -137.267 38777.4
-0.266667 -0.133333 0.684893 -82.2769 -89.6119 61581.5
-0.2 -0.133333 0.840998 -38.9668 -49.5098 79459.3
-0.133333 -0.133333 0.909729 -18.9472 -30.4171 87993.2
-0.0666667 -0.133333 0.948023 -8.45207 -16.533 92997.5
0 -0.133333 0.987778 -2.98433 -4.39402 98283.8
0.0666667 -0.133333 0.992539 -1.42205 -2.94794 98982.5
0.133333 -0.133333 0.984952 -3.08393 -6.05945 97994.9
0.2 -0.133333 0.961216 -8.99911 -16.1104 94907.5
0.266667 -0.133333 0.912683 -24.0468 -38.6385 89055.7
0.333333 -0.133333 0.782385 -56.6965 -88.2796 74422.5
0.4 -0.133333 0.479615 -86.6843 -146.328 43448.3
0.466667 -0.133333 0.199972 -95.3537 -145.355 16555.8
0.533333 -0.133333 0.132277 -16.1065 -27.7096 10727
0.6 -0.133333 0.125299 -0.979234 -1.82035 10031.2
0.666667 -0.133333 0.125002 -0.0245941 -0.0413063 10000.3
0.733333 -0.133333 0.125 4.97588e-09 5.25787e-09 10000
0.8 -0.133333 0.125 1.35058e-13 8.05301e-14 10000
0.866667 -0.133333 0.125 0 0 10000
0.933333 -0.133333 0.125 0 0 10000
1 -0.133333 0.125 1.00972e-27 0 10000

-1 -0.0666667 0.125 0 -0 10000
-0.933333 -0.0666667 0.125 0 0 10000
-0.866667 -0.0666667 0.125 0 0 10000
-0.8 -0.0666667 0.125 0 0 10000
-0.733333 -0.0666667 0.125 0 0 10000
-0.666667 -0.0666667 0.125 0 0 10000
-0.6 -0.0666667 0.125199 -0.44961 -0.113718 10022.8
-0.533333 -0.0666667 0.129377 -8.5365 -3.47808 10499.4
-0.466667 -0.0666667 0.162244 -51.5545 -31.1801 14055.9
-0.4 -0.0666667 0.287837 -115.374 -96.5773 25379.9
-0.333333 -0.0666667 0.551615 -99.1099 -91.666 49097.8
-0.266667 -0.0666667 0.807842 -47.1278 -47.2394 76052.4
-0.2 -0.0666667 0.938446 -14.0048 -16.299 91921.7
-0.133333 -0.0666667 0.982097 -3.24579 -5.44348 97577.7
-0.0666667 -0.0666667 0.993712 -0.912259 -2.10213 99142.7
0 -0.0666667 0.999085 -0.194852 -0.321736 99874.1
0.0666667 -0.0666667 0.99978 -0.038893 -0.0864965 99970.1
0.133333 -0.0666667 0.998704 -0.222901 -0.515392 99826
0.2 -0.0666667 0.993902 -1.18281 -2.44198 99202.4
0.266667 -0.0666667 0.973195 -5.21389 -9.46608 96709.5
0.333333 -0.0666667 0.875606 -21.4982 -36.5105 85320.3
0.4 -0.0666667 0.585178 -46.2588 -89.9579 53566.2
0.466667 -0.0666667 0.253324 -55.3934 -113.151 21598
0.533333 -0.0666667 0.139758 -12.5671 -34.0627 11445.8
0.6 -0.0666667 0.125704 -0.734363 -2.80274 10074.5
0.666667 -0.0666667 0.12501 -0.0153279 -0.0765926 10001.1
0.733333 -0.0666667 0.125 5.022e-09 5.30994e-09 10000
0.8 -0.0666667 0.125 4.89585e-14 6.75289e-14 10000
0.866667 -0.0666667 0.125 0 0 10000
0.933333 -0.0666667 0.125 0 0 10000
1 -0.0666667 0.125 1.00972e-27 0 10000

-1 0 0.125 0 -0 10000
-0.933333 0 0.125 0 0 10000
-0.866667 0 0.125 0 0 10000
-0.8 0 0.125 0 0 10000
-0.733333 0 0.125 0 0 10000
-0.666667 0 0.125 0 0 10000
-0.6 0 0.125166 -0.3292 0.0338873 10019
-0.533333 0 0.128878 -5.91818 -0.07275 10435.1
-0.466667 0 0.160524 -32.9131 -6.31056 13783.3
-0.4 0 0.297968 -67.7052 -34.6905 26419.7
-0.333333 0 0.606575 -56.8096 -38.8152 55422.6
-0.266667 0 0.876237 -23.2784 -20.1172 84386.9
-0.2 0 0.975062 -5.9333 -5.57695 96676.4
-0.133333 0 0.99716 -0.73674 -0.689846 99614
-0.0666667 0 0.999832 -0.0431212 -0.0441587 99976.9
0 0 0.999996 -0.000790959 -0.00123481 99999.5
0.0666667 0 1 -4.08273e-05 -9.44052e-05 100000
0.133333 0 0.99993 0.0124442 0.0110032 99990.9
0.2 0 0.998381 0.196329 0.123307 99792.4
0.266667 0 0.982531 1.07727 -0.0527754 97800.7
0.333333 0 0.893039 0.631757 -6.30075 87062.5
0.4 0 0.621104 -0.967023 -28.8243 57329.2
0.466667 0 0.295779 -0.0345481 -48.0394 26076.2
0.533333 0 0.149707 4.09148 -24.7699 12556.1
0.6 0 0.126663 1.23658 -2.6872 10184.5
0.666667 0 0.125041 0.0621157 -0.0892086 10004.8
0.733333 0 0.125 3.82558e-09 4.13685e-09 10000
0.8 0 0.125 0 0 10000
0.866667 0 0.125 0 0 10000
0.933333 0 0.125 0 0 10000
1 0 0.125 1.00972e-27 0 10000

-1 0.0666667 0.125 0 -0 10000
-0.933333 0.0666667 0.125 0 0 10000
-0.866667 0.0666667 0.125 0 0 10000
-0.8 0.0666667 0.125 0 0 10000
-0.733333 0.0666667 0.125 0 0 10000
-0.666667 0.0666667 0.125 0 0 10000
-0.6 0.0666667 0.125095 -0.103713 0.184502 10010.8
-0.533333 0.0666667 0.12778 -1.61266 3.66817 10300.4
-0.466667 0.0666667 0.155329 -5.82973 22.6969 13104.1
-0.4 0.0666667 0.287199 -1.70784 44.0515 25370.3
-0.333333 0.0666667 0.609108 -3.19309 26.3933 56196.2
-0.266667 0.0666667 0.897572 -1.51421 5.50214 87465.5
-0.2 0.0666667 0.98598 -0.767069 0.00106522 98211.1
-0.133333 0.0666667 0.999046 -0.109421 -0.105644 99876.9
-0.0666667 0.0666667 0.999968 -0.00614898 -0.0080567 99995.8
0 0.0666667 1 5.3063e-05 -1.16618e-05 100000
0.0666667 0.0666667 0.99999 0.00237265 0.00329307 99998.6
0.133333 0.0666667 0.999667 0.0861751 0.0918671 99954.7
0.2 0.0666667 0.995813 1.04488 1.0415 99441.8
0.266667 0.0666667 0.970718 6.34949 5.97493 96188
0.333333 0.0666667 0.870016 22.1801 19.1954 83960.1
0.4 0.0666667 0.612797 52.748 35.8865 56105.1
0.466667 0.0666667 0.303393 65.8838 30.8753 26858.2
0.533333 0.0666667 0.155253 30.8925 2.93659 13293.3
0.6 0.0666667 0.127602 4.35605 -0.416428 10299.1
0.666667 0.0666667 0.125081 0.179354 -0.0321243 10009.3
0.733333 0.0666667 0.125 1.4003e-09 1.83188e-09 10000
0.8 0.0666667 0.125 0 0 10000
0.866667 0.0666667 0.125 0 0 10000
0.933333 0.0666667 0.125 0 0 10000
1 0.0666667 0.125 1.00972e-27 0 10000

-1 0.133333 0.125 0 -0 10000
-0.933333 0.133333 0.125 0 0 10000
-0.866667 0.133333 0.125 0 0 10000
-0.8 0.133333 0.125 0 0 10000
-0.733333 0.133333 0.125 0 0 10000
-0.666667 0.133333 0.125 0 0 10000
-0.6 0.133333 0.12503 0.0558296 0.19375 10003.3
-0.533333 0.133333 0.126435 1.48542 4.75373 10148.1
-0.466667 0.133333 0.145096 14.7186 37.861 11967.6
-0.4 0.133333 0.254399 58.7434 111.089 21802.5
-0.333333 0.133333 0.578625 46.6777 89.9766 53063.9
-0.266667 0.133333 0.878301 22.2854 37.0831 85715.1
-0.2 0.133333 0.976381 6.13711 9.72135 97125.6
-0.133333 0.133333 0.994887 1.36061 2.27065 99345.6
-0.0666667 0.133333 0.999442 0.249077 0.308251 99933.1
0 0.133333 0.99982 0.0629568 0.0667936 99977
0.0666667 0.133333 0.998422 0.295945 0.523733 99785.8
0.133333 0.133333 0.993531 1.20375 2.13254 99127.9
0.2 0.133333 0.979737 4.20146 6.01415 97301.7
0.266667 0.133333 0.934543 14.8311 16.6334 91589.6
0.333333 0.133333 0.808772 45.986 45.9925 76561.2
0.4 0.133333 0.566906 98.9166 89.7845 50723.1
0.466667 0.133333 0.293891 118.881 97.8082 25764.2
0.533333 0.133333 0.157974 51.601 29.5421 13678.8
0.6 0.133333 0.128078 6.46361 2.07785 10359.9
0.666667 0.133333 0.125102 0.247801 0.0405292 10011.8
0.733333 0.133333 0.125 7.85429e-11 8.95299e-11 10000
0.8 0.133333 0.125 0 0 10000
0.866667 0.133333 0.125 0 0 10000
0.933333 0.133333 0.125 0 0 10000
1 0.133333 0.125 1.00972e-27 0 10000

-1 0.2 0.125 0 -0 10000
-0.933333 0.2 0.125 0 0 10000
-0.866667 0.2 0.125 0 0 10000
-0.8 0.2 0.125 0 0 10000
-0.733333 0.2 0.125 0 0 10000
-0.666667 0.2 0.125 0 0 10000
-0.6 0.2 0.12501 0.0716726 0.11818 10001.1
-0.533333 0.2 0.125624 1.93981 3.43482 10065.7
-0.466667 0.2 0.135405 20.3452 34.3702 11033.4
-0.4 0.2 0.207582 94.0967 141.012 17280.8
-0.333333 0.2 0.486224 86.7781 144.289 44168.2
-0.266667 0.2 0.789591 56.8973 87.7049 75486.4
-0.2 0.2 0.92483 22.8515 35.1903 90812.9
-0.133333 0.2 0.970349 8.80869 13.7093 96205.8
-0.0666667 0.2 0.990191 3.65327 4.79049 98771.3
0 0.2 0.980432 2.98748 6.55991 97434.2
0.0666667 0.2 0.975875 3.76818 7.88689 96805.1
0.133333 0.2 0.958514 8.02729 13.4177 94541.8
0.2 0.2 0.920673 16.4819 24.8284 89703.8
0.266667 0.2 0.848285 35.9309 44.3927 80953.1
0.333333 0.2 0.703412 78.5873 84.203 64119.3
0.4 0.2 0.46722 135.669 134.775 40982.3
0.466667 0.2 0.26072 149.085 136.686 23068.8
0.533333 0.2 0.155334 56.9796 41.2765 13533.4
0.6 0.2 0.127992 6.8087 3.34396 10354.4
0.666667 0.2 0.125102 0.253505 0.0815797 10011.7
0.733333 0.2 0.125 0 0 10000
0.8 0.2 0.125 0 0 10000
0.866667 0.2 0.125 0 0 10000
0.933333 0.2 0.125 0 0 10000
1 0.2 0.125 1.00972e-27 0 10000

-1 0.266667 0.125 0 -0 10000
-0.933333 0.266667 0.125 0 0 10000
-0.866667 0.266667 0.125 0 0 10000
-0.8 0.266667 0.125 0 0 10000
-0.733333 0.266667 0.125 0 0 10000
-0.666667 0.266667 0.125 0 0 10000
-0.6 0.266667 0.125005 0.0366199 0.0429183 10000.6
-0.533333 0.266667 0.125316 1.09037 1.66115 10034.8
-0.466667 0.266667 0.130548 14.3621 22.2652 10587.2
-0.4 0.266667 0.175305 92.6118 127.981 14668.7
-0.333333 0.266667 0.347115 136.118 207.829 30434
-0.266667 0.266667 0.637673 105.434 154.749 58474.4
-0.2 0.266667 0.811897 66.9981 94.0671 76594.2
-0.133333 0.266667 0.908324 32.7208 46.472 88159.1
-0.0666667 0.266667 0.95666 20.2456 23.2756 94513.9
0 0.266667 0.895893 20.6754 35.3872 85936.3
0.0666667 0.266667 0.88547 21.3975 38.1424 85370.3
0.133333 0.266667 0.857899 32.8946 47.842 81778.8
0.2 0.266667 0.790499 55.1201 73.8554 72493.7
0.266667 0.266667 0.704096 82.7282 103.231 62342.9
0.333333 0.266667 0.558743 125.13 138.48 47867
0.4 0.266667 0.359267 174.659 175.349 31105.3
0.466667 0.266667 0.221584 156.781 146.615 20371.8
0.533333 0.266667 0.147192 49.0964 41.5714 12756.1
0.6 0.266667 0.127155 5.13977 3.6673 10257
0.666667 0.266667 0.125073 0.180739 0.104687 10008.3
0.733333 0.266667 0.125 0 0 10000
0.8 0.266667 0.125 0 0 10000
0.866667 0.266667 0.125 0 0 10000
0.933333 0.266667 0.125 0 0 10000
1 0.266667 0.125 1.00972e-27 0 10000

-1 0.333333 0.125 0 -0 10000
-0.933333 0.333333 0.125 0 0 10000
-0.866667 0.333333 0.125 0 0 10000
-0.8 0.333333 0.125 0 0 10000
-0.733333 0.333333 0.125 0 0 10000
-0.666667 0.333333 0.125 0 0 10000
-0.6 0.333333 0.125003 0.0058493 0.0108797 10000.3
-0.533333 0.333333 0.125122 0.283874 0.519171 10013.7
-0.466667 0.333333 0.127384 5.68181 9.43707 10264.4
-0.4 0.333333 0.148921 51.2861 74.2141 12526
-0.333333 0.333333 0.246095 166.103 224.272 20856.9
-0.266667 0.333333 0.448645 162.47 228.912 38275.3
-0.2 0.333333 0.666572 133.791 174.706 59077.8
-0.133333 0.333333 0.800744 91.1166 117.234 74798.9
-0.0666667 0.333333 0.904882 66.7087 64.2361 89206.6
0 0.333333 0.713165 71.8469 93.2351 64276.9
0.0666667 0.333333 0.700493 66.5978 106.119 61700.2
0.133333 0.333333 0.685864 83.966 114.503 59984.9
0.2 0.333333 0.611922 118.683 144.227 51122.8
0.266667 0.333333 0.534557 149.718 174.195 42569.6
0.333333 0.333333 0.416331 181.837 196.382 33575
0.4 0.333333 0.28404 195.457 195.141 24789.2
0.466667 0.333333 0.185893 116.151 117.627 17535.2
0.533333 0.333333 0.136579 25.8302 26.1785 11472.9
0.6 0.333333 0.12595 2.10516 2.07085 10112.8
0.666667 0.333333 0.12503 0.0645415 0.061209 10003.4
0.733333 0.333333 0.125 0 0 10000
0.8 0.333333 0.125 0 0 10000
0.866667 0.333333 0.125 0 0 10000
0.933333 0.333333 0.125 0 0 10000
1 0.333333 0.125 1.00972e-27 0 10000

-1 0.4 0.125 0 -0 10000
-0.933333 0.4 0.125 0 0 10000
-0.866667 0.4 0.125 0 0 10000
-0.8 0.4 0.125 0 0 10000
-0.733333 0.4 0.125 0 0 10000
-0.666667 0.4 0.125 0 0 10000
-0.6 0.4 0.125001 0.000434567 0.00144276 10000.1
-0.533333 0.4 0.125024 0.0467764 0.0960048 10002.7
-0.466667 0.4 0.125595 1.24061 2.34211 10067.6
-0.4 0.4 0.132401 15.1517 25.4236 10826.6
-0.333333 0.4 0.17776 101.169 132.963 15421.4
-0.266667 0.4 0.305751 211.135 265.297 24597.5
-0.2 0.4 0.490978 204.283 258.535 40329.1
-0.133333 0.4 0.716531 163.528 200.599 65086.8
-0.0666667 0.4 0.860578 148.557 140.636 86276.5
0 0.4 0.519585 174.394 164.403 44615.6
0.0666667 0.4 0.472144 141.28 189.019 35497.2
0.133333 0.4 0.487286 155.724 192.591 37145.8
0.2 0.4 0.433015 188.77 213.756 33309.3
0.266667 0.4 0.380514 217.264 238.149 28730.9
0.333333 0.4 0.313429 227.73 238.265 24885.1
0.4 0.4 0.225594 175.23 177.067 20888.6
0.466667 0.4 0.152162 56.2201 57.0622 13427.9
0.533333 0.4 0.128281 6.67825 7.04181 10396.5
0.6 0.4 0.125177 0.327743 0.383801 10020.4
0.666667 0.4 0.125004 0.00575376 0.0088153 10000.4
0.733333 0.4 0.125 0 0 10000
0.8 0.4 0.125 0 0 10000
0.866667 0.4 0.125 0 0 10000
0.933333 0.4 0.125 0 0 10000
1 0.4 0.125 1.00972e-27 0 10000

-1 0.466667 0.125 0 -0 10000
-0.933333 0.466667 0.125 0 0 10000
-0.866667 0.466667 0.125 0 0 10000
-0.8 0.466667 0.125 0 0 10000
-0.733333 0.466667 0.125 0 0 10000
-0.666667 0.466667 0.125 0 0 10000
-0.6 0.466667 0.125 0 0 10000
-0.533333 0.466667 0.125003 0.00553959 0.0106358 10000.3
-0.466667 0.466667 0.125121 0.226271 0.45497 10013.8
-0.4 0.466667 0.12712 3.74448 7.1546 10243.5
-0.333333 0.466667 0.142687 32.9212 52.9949 12021.3
-0.266667 0.466667 0.212521 156.096 196.042 18951.1
-0.2 0.466667 0.346664 251.119 303.369 27757.7
-0.133333 0.466667 0.574842 213.9 276.364 52538.8
-0.0666667 0.466667 0.85 226.985 230.677 87912.3
0 0.466667 0.405289 289.253 235.063 36042.5
0.0666667 0.466667 0.297026 226.695 262.539 20183
0.133333 0.466667 0.33078 228.063 258.92 22902.1
0.2 0.466667 0.3166 243.936 261.085 23260.6
0.266667 0.466667 0.286372 251.045 260.861 22311.1
0.333333 0.466667 0.242496 211.954 225.129 21208.8
0.4 0.466667 0.177113 109.026 122.72 16808
0.466667 0.466667 0.13503 21.8016 24.1717 11274.8
0.533333 0.466667 0.125811 1.71578 1.77031 10095.9
0.6 0.466667 0.125024 0.0503456 0.0487666 10002.7
0.666667 0.466667 0.125 0 0 10000
0.733333 0.466667 0.125 0 0 10000
0.8 0.466667 0.125 0 0 10000
0.866667 0.466667 0.125 0 0 10000
0.933333 0.466667 0.125 0 0 10000
1 0.466667 0.125 1.00972e-27 0 10000

-1 0.533333 0.125 0 -0 10000
-0.933333 0.533333 0.125 0 0 10000
-0.866667 0.533333 0.125 0 0 10000
-0.8 0.533333 0.125 0 0 10000
-0.733333 0.533333 0.125 0 0 10000
-0.666667 0.533333 0.125 0 0 10000
-0.6 0.533333 0.125 0 0 10000
-0.533333 0.533333 0.125001 0.000442411 0.00149342 10000.1
-0.466667 0.533333 0.125022 0.0236044 0.0683407 10002.5
-0.4 0.533333 0.125414 0.479675 1.27293 10047.9
-0.333333 0.533333 0.128987 5.49804 12.0994 10468.4
-0.266667 0.533333 0.15058 41.3887 73.0691 13161.1
-0.2 0.533333 0.218661 158.189 213.837 20500.1
-0.133333 0.533333 0.398354 236.811 329.582 38745.9
-0.0666667 0.533333 0.710427 271.897 314.465 76960.2
0 0.533333 0.3304 348.301 293.959 32624.8
0.0666667 0.533333 0.217207 244.661 254.154 15818
0.133333 0.533333 0.246905 237.833 254.856 18120.8
0.2 0.533333 0.242614 217.995 234.433 20067.8
0.266667 0.533333 0.211635 177.101 198.472 19490.1
0.333333 0.533333 0.173114 101.519 128.334 16386.7
0.4 0.533333 0.139781 26.8362 40.8264 11963.3
0.466667 0.533333 0.12716 3.61157 5.71205 10264.5
0.533333 0.533333 0.125145 0.231499 0.358826 10016.7
0.6 0.533333 0.125004 0.00574624 0.00881099 10000.4
0.666667 0.533333 0.125 0 0 10000
0.733333 0.533333 0.125 0 0 10000
0.8 0.533333 0.125 0 0 10000
0.866667 0.533333 0.125 0 0 10000
0.933333 0.533333 0.125 0 0 10000
1 0.533333 0.125 1.00972e-27 0 10000

-1 0.6 0.125 0 -0 10000
-0.933333 0.6 0.125 0 0 10000
-0.866667 0.6 0.125 0 0 10000
-0.8 0.6 0.125 0 0 10000
-0.733333 0.6 0.125 0 0 10000
-0.666667 0.6 0.125 0 0 10000
-0.6 0.6 0.125 0 0 10000
-0.533333 0.6 0.125 0 0 10000
-0.466667 0.6 0.125 0.000339922 0.00124769 10000
-0.4 0.6 0.125017 0.0148104 0.05047 10001.9
-0.333333 0.6 0.125277 0.266295 0.811139 10032.1
-0.266667 0.6 0.127466 2.69075 7.23854 10291.5
-0.2 0.6 0.140513 20.2849 45.2338 11943.2
-0.133333 0.6 0.213916 104.809 201.841 21558.9
-0.0666667 0.6 0.439678 265.812 367.346 51712.4
0 0.6 0.249728 280.616 275.647 27587.8
0.0666667 0.6 0.172278 132.507 149.152 14954.1
0.133333 0.6 0.181743 128.639 151.831 15860.3
0.2 0.6 0.168974 86.9003 114.873 15370.6
0.266667 0.6 0.145567 36.2716 56.9705 12656.4
0.333333 0.6 0.13142 10.1086 18.0188 10799.9
0.4 0.6 0.126061 1.57684 2.80972 10125.6
0.466667 0.6 0.125082 0.12349 0.206164 10009.4
0.533333 0.6 0.125003 0.00392892 0.0059989 10000.3
0.6 0.6 0.125 0 0 10000
0.666667 0.6 0.125 0 0 10000
0.733333 0.6 0.125 0 0 10000
0.8 0.6 0.125 0 0 10000
0.866667 0.6 0.125 0 0 10000
0.933333 0.6 0.125 0 0 10000
1 0.6 0.125 1.00972e-27 0 10000

-1 0.666667 0.125 0 -0 10000
-0.933333 0.666667 0.125 0 0 10000
-0.866667 0.666667 0.125 0 0 10000
-0.8 0.666667 0.125 0 0 10000
-0.733333 0.666667 0.125 0 0 10000
-0.666667 0.666667 0.125 0 0 10000
-0.6 0.666667 0.125 0 0 10000
-0.533333 0.666667 0.125 0 0 10000
-0.466667 0.666667 0.125 0 0 10000
-0.4 0.666667 0.125 0 0 10000
-0.333333 0.666667 0.125001 0.000371309 0.00153211 10000.1
-0.266667 0.666667 0.125025 0.018485 0.0731548 10002.8
-0.2 0.666667 0.125573 0.424682 1.68075 10067.7
-0.133333 0.666667 0.133716 6.61276 25.699 11118.7
-0.0666667 0.666667 0.16854 57.8961 118.517 16354.7
0 0.666667 0.143846 42.0741 60.2755 12775.3
0.0666667 0.666667 0.134121 16.5761 28.1573 11123.1
0.133333 0.666667 0.13459 15.4376 28.0334 11167.5
0.2 0.666667 0.130245 7.88044 14.7791 10634.4
0.266667 0.666667 0.125903 1.32615 2.37936 10105.9
0.333333 0.666667 0.12507 0.105128 0.175983 10008
0.4 0.666667 0.125002 0.00346293 0.00529338 10000.2
0.466667 0.666667 0.125 0 0 10000
0.533333 0.666667 0.125 0 0 10000
0.6 0.666667 0.125 0 0 10000
0.666667 0.666667 0.125 0 0 10000
0.733333 0.666667 0.125 0 0 10000
0.8 0.666667 0.125 0 0 10000
0.866667 0.666667 0.125 0 0 10000
0.933333 0.666667 0.125 0 0 10000
1 0.666667 0.125 1.00972e-27 0 10000

-1 0.733333 0.125 0 -0 10000
-0.933333 0.733333 0.125 0 0 10000
-0.866667 0.733333 0.125 0 0 10000
-0.8 0.733333 0.125 0 0 10000
-0.733333 0.733333 0.125 0 0 10000
-0.666667 0.733333 0.125 0 0 10000
-0.6 0.733333 0.125 0 0 10000
-0.533333 0.733333 0.125 0 0 10000
-0.466667 0.733333 0.125 0 0 10000
-0.4 0.733333 0.125 0 0 10000
-0.333333 0.733333 0.125 0 0 10000
-0.266667 0.733333 0.125 0 0 10000
-0.2 0.733333 0.125 0 0 10000
-0.133333 0.733333 0.125 0 0 10000
-0.0666667 0.733333 0.125 0 0 10000
0 0.733333 0.125 0 0 10000
0.0666667 0.733333 0.125 0 0 10000
0.133333 0.733333 0.125 0 0 10000
0.2 0.733333 0.125 0 0 10000
0.266667 0.733333 0.125 0 0 10000
0.333333 0.733333 0.125 0 0 10000
0.4 0.733333 0.125 0 0 10000
0.466667 0.733333 0.125 0 0 10000
0.533333 0.733333 0.125 0 0 10000
0.6 0.733333 0.125 0 0 10000
0.666667 0.733333 0.125 0 0 10000
0.733333 0.733333 0.125 0 0 10000
0.8 0.733333 0.125 0 0 10000
0.866667 0.733333 0.125 0 0 10000
0.933333 0.733333 0.125 0 0 10000
1 0.733333 0.125 1.00972e-27 0 10000

-1 0.8 0.125 0 -0 10000
-0.933333 0.8 0.125 0 0 10000
-0.866667 0.8 0.125 0 0 10000
-0.8 0.8 0.125 0 0 10000
-0.733333 0.8 0.125 0 0 10000
-0.666667 0.8 0.125 0 0 10000
-0.6 0.8 0.125 0 0 10000
-0.533333 0.8 0.125 0 0 10000
-0.466667 0.8 0.125 0 0 10000
-0.4 0.8 0.125 0 0 10000
-0.333333 0.8 0.125 0 0 10000
-0.266667 0.8 0.125 0 0 10000
-0.2 0.8 0.125 0 0 10000
-0.133333 0.8 0.125 0 0 10000
-0.0666667 0.8 0.125 0 0 10000
0 0.8 0.125 0 0 10000
0.0666667 0.8 0.125 0 0 10000
0.133333 0.8 0.125 0 0 10000
0.2 0.8 0.125 0 0 10000
0.266667 0.8 0.125 0 0 10000
0.333333 0.8 0.125 0 0 10000
0.4 0.8 0.125 0 0 10000
0.466667 0.8 0.125 0 0 10000
0.533333 0.8 0.125 0 0 10000
0.6 0.8 0.125 0 0 10000
0.666667 0.8 0.125 0 0 10000
0.733333 0.8 0.125 0 0 10000
0.8 0.8 0.125 0 0 10000
0.866667 0.8 0.125 0 0 10000
0.933333 0.8 0.125 0 0 10000
1 0.8 0.125 1.00972e-27 0 10000

-1 0.866667 0.125 0 -0 10000
-0.933333 0.866667 0.125 0 0 10000
-0.866667 0.866667 0.125 0 0 10000
-0.8 0.866667 0.125 0 0 10000
-0.733333 0.866667 0.125 0 0 10000
-0.666667 0.866667 0.125 0 0 10000
-0.6 0.866667 0.125 0 0 10000
-0.533333 0.866667 0.125 0 0 10000
-0.466667 0.866667 0.125 0 0 10000
-0.4 0.866667 0.125 0 0 10000
-0.333333 0.866667 0.125 0 0 10000
-0.266667 0.866667 0.125 0 0 10000
-0.2 0.866667 0.125 0 0 10000
-0.133333 0.866667 0.125 0 0 10000
-0.0666667 0.866667 0.125 0 0 10000
0 0.866667 0.125 0 0 10000
0.0666667 0.866667 0.125 0 0 10000
0.133333 0.866667 0.125 0 0 10000
0.2 0.866667 0.125 0 0 10000
0.266667 0.866667 0.125 0 0 10000
0.333333 0.866667 0.125 0 0 10000
0.4 0.866667 0.125 0 0 10000
0.466667 0.866667 0.125 0 0 10000
0.533333 0.866667 0.125 0 0 10000
0.6 0.866667 0.125 0 0 10000
0.666667 0.866667 0.125 0 0 10000
0.733333 0.866667 0.125 0 0 10000
0.8 0.866667 0.125 0 0 10000
0.866667 0.866667 0.125 0 0 10000
0.933333 0.866667 0.125 0 0 10000
1 0.866667 0.125 1.00972e-27 0 10000

-1 0.933333 0.125 0 -0 10000
-0.933333 0.933333 0.125 0 0 10000
-0.866667 0.933333 0.125 0 0 10000
-0.8 0.933333 0.125 0 0 10000
-0.733333 0.933333 0.125 0 0 10000
-0.666667 0.933333 0.125 0 0 10000
-0.6 0.933333 0.125 0 0 10000
-0.533333 0.933333 0.125 0 0 10000
-0.466667 0.933333 0.125 0 0 10000
-0.4 0.933333 0.125 0 0 10000
-0.333333 0.933333 0.125 0 0 10000
-0.266667 0.933333 0.125 0 0 10000
-0.2 0.933333 0.125 0 0 10000
-0.133333 0.933333 0.125 0 0 10000
-0.0666667 0.933333 0.125 0 0 10000
0 0.933333 0.125 0 0 10000
0.0666667 0.933333 0.125 0 0 10000
0.133333 0.933333 0.125 0 0 10000
0.2 0.933333 0.125 0 0 10000
0.266667 0.933333 0.125 0 0 10000
0.333333 0.933333 0.125 0 0 10000
0.4 0.933333 0.125 0 0 10000
0.466667 0.933333 0.125 0 0 10000
0.533333 0.933333 0.125 0 0 10000
0.6 0.933333 0.125 0 0 10000
0.666667 0.933333 0.125 0 0 10000
0.733333 0.933333 0.125 0 0 10000
0.8 0.933333 0.125 0 0 10000
0.866667 0.933333 0.125 0 0 10000
0.933333 0.933333 0.125 0 0 10000
1 0.933333 0.125 1.00972e-27 0 10000

-1 1 0.125 0 -0 10000
-0.933333 1 0.125 0 0 10000
-0.866667 1 0.125 0 0 10000
-0.8 1 0.125 0 0 10000
-0.733333 1 0.125 0 0 10000
-0.666667 1 0.125 0 0 10000
-0.6 1 0.125 0 0 10000
-0.533333 1 0.125 0 0 10000
-0.466667 1 0.125 0 0 10000
-0.4 1 0.125 0 0 10000
-0.333333 1 0.125 0 0 10000
-0.266667 1 0.125 0 0 10000
-0.2 1 0.125 0 0 10000
-0.133333 1 0.125 0 0 10000
-0.0666667 1 0.125 0 0 10000
0 1 0.125 0 0 10000
0.0666667 1 0.125 0 0 10000
0.133333 1 0.125 0 0 10000
0.2 1 0.125 0 0 10000
0.266667 1 0.125 0 0 10000
0.333333 1 0.125 0 0 10000
0.4 1 0.125 0 0 10000
0.466667 1 0.125 0 0 10000
0.533333 1 0.125 0 0 10000
0.6 1 0.125 0 0 10000
0.666667 1 0.125 0 0 10000
0.733333 1 0.125 0 0 10000
0.8 1 0.125 0 0 10000
0.866667 1 0.125 0 0 10000
0.933333 1 0.125 0 0 10000
1 1 0.125 1.00972e-27 0 10000

