-1 -1 0.125 -3.08934e-05 -1.68185e-07 10000
-0.933333 -1 0.125 -4.33668e-06 1.68185e-07 10000
-0.866667 -1 0.125 -3.08934e-05 2.58907e-06 10000
-0.8 -1 0.125 -0.00026608 2.35026e-05 10000
-0.733333 -1 0.125001 -0.00186696 0.000174381 10000.1
-0.666667 -1 0.125006 -0.0107705 0.00106066 10000.7
-0.6 -1 0.125028 -0.0514724 0.00533068 10003.1
-0.533333 -1 0.125109 -0.206355 0.022426 10012.5
-0.466667 -1 0.125373 -0.719955 0.0818058 10043.6
-0.4 -1 0.126248 -2.49979 0.290328 10156.7
-0.333333 -1 0.130337 -12.1089 1.3375 10863.6
-0.266667 -1 0.153812 -77.7391 11.5917 17154.5
-0.2 -1 0.258329 -288.548 66.1137 57212
-0.133333 -1 0.702643 -520.295 152.982 233304
-0.0666667 -1 3.5199 -642.279 194.538 1.36309e+06
0 -1 7.99213 -460.205 183.643 3.17278e+06
0.0666667 -1 2.39207 -263.939 157.344 786239
0.133333 -1 0.32783 -112.407 61.2391 63056
0.2 -1 0.148861 -36.5783 9.13799 14207.3
0.266667 -1 0.130549 -11.4323 2.01441 10724.3
0.333333 -1 0.126602 -3.41848 0.552446 10190.7
0.4 -1 0.125411 -0.901686 0.144258 10047.7
0.466667 -1 0.125086 -0.198118 0.0317256 10009.8
0.533333 -1 0.125014 -0.0353506 0.00566713 10001.6
0.6 -1 0.125002 -0.00506691 0.000811784 10000.2
0.666667 -1 0.125 -0.000580531 9.26215e-05 10000
0.733333 -1 0.125 -5.30126e-05 8.37037e-06 10000
0.8 -1 0.125 -3.82519e-06 5.87678e-07 10000
0.866667 -1 0.125 -1.98249e-07 2.58243e-08 10000
0.933333 -1 0.125 3.59852e-09 -2.42763e-09 10000
1 -1 0.125 2.46092e-09 -9.21156e-10 10000

-1 -0.933333 0.125 -1.31815e-05 1.68185e-07 10000
-0.933333 -0.933333 0.125 -1.68015e-06 -1.68185e-07 10000
-0.866667 -0.933333 0.125 -1.31815e-05 -2.58907e-06 10000
-0.8 -0.933333 0.125 -0.000115261 -2.35026e-05 10000
-0.733333 -0.933333 0.125 -0.000817998 -0.000174382 10000.1
-0.666667 -0.933333 0.125003 -0.00476364 -0.00106069 10000.3
-0.6 -0.933333 0.125014 -0.0229895 -0.00533126 10001.6
-0.533333 -0.933333 0.125057 -0.0936861 -0.0224353 10006.5
-0.466667 -0.933333 0.125207 -0.340389 -0.0819145 10024.1
-0.4 -0.933333 0.125786 -1.33008 -0.291395 10100.1
-0.333333 -0.933333 0.129165 -8.15247 -1.34964 10696.6
-0.266667 -0.933333 0.152639 -61.789 -11.6808 16960.7
-0.2 -0.933333 0.282224 -249.903 -60.5161 67749
-0.133333 -0.933333 0.883134 -453.297 -121.716 340335
-0.0666667 -0.933333 4.42803 -561.847 -154.64 1.99465e+06
0 -0.933333 9.93148 -374.007 -147.783 4.61278e+06
0.0666667 -0.933333 2.91463 -139.357 -129.134 1.145e+06
0.133333 -0.933333 0.349968 -2.68698 -57.3652 79095.7
0.2 -0.933333 0.144811 -11.6659 -9.39355 13844
0.266667 -0.933333 0.128514 -4.98751 -2.04632 10469.6
0.333333 -0.933333 0.125921 -1.49276 -0.555433 10110
0.4 -0.933333 0.125226 -0.383792 -0.144471 10026.2
0.466667 -0.933333 0.125046 -0.082058 -0.0317358 10005.2
0.533333 -0.933333 0.125007 -0.0142542 -0.00566744 10000.8
0.6 -0.933333 0.125001 -0.00199245 -0.00081179 10000.1
0.666667 -0.933333 0.125 -0.000223227 -9.26216e-05 10000
0.733333 -0.933333 0.125 -1.99959e-05 -8.37037e-06 10000
0.8 -0.933333 0.125 -1.41644e-06 -5.87678e-07 10000
0.866667 -0.933333 0.125 -6.45699e-08 -2.58243e-08 10000
0.933333 -0.933333 0.125 5.60273e-09 2.42763e-09 10000
1 -0.933333 0.125 1.62129e-09 9.21156e-10 10000

-1 -0.866667 0.125 -3.08934e-05 3.5755e-06 10000
-0.933333 -0.866667 0.125 -4.33668e-06 -3.5755e-06 10000
-0.866667 -0.866667 0.125 -3.08934e-05 -3.23319e-05 10000
-0.8 -0.866667 0.125 -0.00026608 -0.000281473 10000
-0.733333 -0.866667 0.125001 -0.00186696 -0.00200881 10000.1
-0.666667 -0.866667 0.125006 -0.0107705 -0.0117791 10000.7
-0.6 -0.866667 0.125028 -0.0514724 -0.0571072 10003.1
-0.533333 -0.866667 0.125109 -0.206355 -0.231105 10012.5
-0.466667 -0.866667 0.125373 -0.719955 -0.801867 10043.6
-0.4 -0.866667 0.126248 -2.49979 -2.60491 10156.5
-0.333333 -0.866667 0.130337 -12.1089 -10.4377 10860.9
-0.266667 -0.866667 0.153812 -77.7391 -57.7884 17059.7
-0.2 -0.866667 0.258329 -288.548 -204.322 55466.1
-0.133333 -0.866667 0.702643 -520.295 -322.179 223771
-0.0666667 -0.866667 3.5199 -642.279 -430.383 1.27869e+06
0 -0.866667 7.99213 -460.205 -458.564 2.9445e+06
0.0666667 -0.866667 2.39207 -263.939 -393.573 733576
0.133333 -0.866667 0.32783 -112.407 -208.2 60667.4
0.2 -0.866667 0.148861 -36.5783 -56.7652 14116.7
0.266667 -0.866667 0.130549 -11.4323 -15.3883 10718.3
0.333333 -0.866667 0.126602 -3.41848 -4.53965 10190.2
0.4 -0.866667 0.125411 -0.901686 -1.20571 10047.6
0.466667 -0.866667 0.125086 -0.198118 -0.265639 10009.8
0.533333 -0.866667 0.125014 -0.0353506 -0.0472958 10001.6
0.6 -0.866667 0.125002 -0.00506691 -0.00671842 10000.2
0.666667 -0.866667 0.125 -0.000580531 -0.000755528 10000
0.733333 -0.866667 0.125 -5.30126e-05 -6.68173e-05 10000
0.8 -0.866667 0.125 -3.82519e-06 -4.60652e-06 10000
0.866667 -0.866667 0.125 -1.98249e-07 -2.24251e-07 10000
0.933333 -0.866667 0.125 3.59852e-09 4.30913e-09 10000
1 -0.866667 0.125 2.46092e-09 3.54224e-09 10000

-1 -0.8 0.125 -0.000123732 1.47175e-05 10000
-0.933333 -0.8 0.125 -1.8205e-05 -1.47175e-05 10000
-0.866667 -0.8 0.125 -0.000123732 -0.000128717 10000
-0.8 -0.8 0.125001 -0.0010399 -0.00109223 10000.1
-0.733333 -0.8 0.125004 -0.00714959 -0.00763076 10000.4
-0.666667 -0.8 0.12502 -0.0405388 -0.0439371 10002.3
-0.6 -0.8 0.125093 -0.190496 -0.209402 10010.5
-0.533333 -0.8 0.125352 -0.745659 -0.828993 10040.7
-0.466667 -0.8 0.126123 -2.47275 -2.75031 10133
-0.4 -0.8 0.128178 -7.44522 -8.02865 10397.6
-0.333333 -0.8 0.134349 -25.3904 -24.2141 11434.7
-0.266667 -0.8 0.15718 -105.029 -87.5876 17313.7
-0.2 -0.8 0.231804 -320.95 -256.654 41416.3
-0.133333 -0.8 0.514019 -562.853 -427.562 117130
-0.0666667 -0.8 2.65666 -645.714 -426.497 768081
0 -0.8 6.43484 -473.56 -430.259 1.93342e+06
0.0666667 -0.8 2.0204 -355.124 -475.966 450692
0.133333 -0.8 0.338974 -281.742 -352.153 42851.9
0.2 -0.8 0.167592 -110.024 -130.333 15812.2
0.266667 -0.8 0.138992 -36.9123 -45.2593 11745.9
0.333333 -0.8 0.129519 -11.882 -14.9206 10539.3
0.4 -0.8 0.126222 -3.29171 -4.18743 10142.8
0.466667 -0.8 0.125266 -0.752803 -0.96289 10030.6
0.533333 -0.8 0.125046 -0.139456 -0.177823 10005.2
0.6 -0.8 0.125006 -0.0207184 -0.0261296 10000.7
0.666667 -0.8 0.125001 -0.00245578 -0.00303081 10000.1
0.733333 -0.8 0.125 -0.000231516 -0.000275687 10000
0.8 -0.8 0.125 -1.71941e-05 -1.93784e-05 10000
0.866667 -0.8 0.125 -9.70676e-07 -1.00189e-06 10000
0.933333 -0.8 0.125 -2.40646e-08 -1.73084e-08 10000
1 -0.8 0.125 3.36221e-09 7.87365e-09 10000

-1 -0.733333 0.125 -0.000414087 4.8925e-05 10000
-0.933333 -0.733333 0.125 -6.20924e-05 -4.8925e-05 10000
-0.866667 -0.733333 0.125 -0.000414087 -0.000420159 10000
-0.8 -0.733333 0.125002 -0.00338567 -0.00346798 10000.2
-0.733333 -0.733333 0.125011 -0.0227224 -0.0236595 10001.3
-0.666667 -0.733333 0.125062 -0.12619 -0.133495 10007.1
-0.6 -0.733333 0.125279 -0.581462 -0.624771 10032.1
-0.533333 -0.733333 0.126027 -2.2198 -2.41431 10120.9
-0.466667 -0.733333 0.128107 -7.00599 -7.66768 10374.4
-0.4 -0.733333 0.132847 -18.6268 -20.1131 10987.5
-0.333333 -0.733333 0.14211 -44.8051 -44.7336 12486.7
-0.266667 -0.733333 0.163148 -115.471 -101.806 17762.9
-0.2 -0.733333 0.214928 -274.504 -229.508 33995.6
-0.133333 -0.733333 0.426391 -438.255 -341.267 86452
-0.0666667 -0.733333 1.87362 -493.522 -310.448 474119
0 -0.733333 4.54617 -363.349 -310.459 1.20614e+06
0.0666667 -0.733333 1.8545 -295.299 -389.931 378704
0.133333 -0.733333 0.433153 -318.034 -387.366 50006.5
0.2 -0.733333 0.214132 -188.312 -214.028 20276.9
0.266667 -0.733333 0.159176 -85.2809 -99.633 14053.7
0.333333 -0.733333 0.136848 -31.7934 -38.4156 11403.6
0.4 -0.733333 0.128361 -9.49932 -11.7263 10393.4
0.466667 -0.733333 0.125761 -2.28809 -2.84993 10088.2
0.533333 -0.733333 0.125135 -0.443657 -0.551366 10015.4
0.6 -0.733333 0.125018 -0.068801 -0.0844319 10002.1
0.666667 -0.733333 0.125002 -0.00849457 -0.0101653 10000.2
0.733333 -0.733333 0.125 -0.000831228 -0.0009553 10000
0.8 -0.733333 0.125 -6.36543e-05 -6.85053e-05 10000
0.866667 -0.733333 0.125 -3.70278e-06 -3.52702e-06 10000
0.933333 -0.733333 0.125 -1.37102e-07 -8.10834e-08 10000
1 -0.733333 0.125 3.47642e-09 1.78277e-08 10000

-1 -0.666667 0.125001 -0.0012025 0.000140582 10000.1
-0.933333 -0.666667 0.125 -0.000183364 -0.000140583 10000
-0.866667 -0.666667 0.125001 -0.0012025 -0.00119025 10000.1
-0.8 -0.666667 0.125005 -0.00957068 -0.00956509 10000.5
-0.733333 -0.666667 0.125031 -0.0626755 -0.0637045 10003.6
-0.666667 -0.666667 0.125166 -0.340552 -0.35189 10019.1
-0.6 -0.666667 0.125726 -1.53674 -1.6134 10085.1
-0.533333 -0.666667 0.127597 -5.72361 -6.09303 10310.6
-0.466667 -0.666667 0.132511 -17.209 -18.4968 10928.3
-0.4 -0.666667 0.14244 -41.0273 -44.0127 12205.5
-0.333333 -0.666667 0.155368 -74.8909 -76.9185 14119.9
-0.266667 -0.666667 0.171746 -126.032 -116.468 18193.9
-0.2 -0.666667 0.208343 -211.877 -173.024 29472.1
-0.133333 -0.666667 0.384661 -297.027 -209.194 71697.7
-0.0666667 -0.666667 1.37588 -317.231 -170.902 313971
0 -0.666667 3.21561 -228.299 -167.593 775159
0.0666667 -0.666667 1.75815 -225.611 -277.254 329557
0.133333 -0.666667 0.57922 -329.938 -376.675 59672.1
0.2 -0.666667 0.293674 -263.068 -286.957 26775.8
0.266667 -0.666667 0.197223 -156.148 -173.814 17715.1
0.333333 -0.666667 0.151854 -70.365 -81.3192 13052.2
0.4 -0.666667 0.133016 -23.4212 -27.9277 10926.9
0.466667 -0.666667 0.126889 -6.01699 -7.28092 10217.1
0.533333 -0.666667 0.125346 -1.22787 -1.48654 10039.6
0.6 -0.666667 0.125048 -0.199403 -0.238103 10005.4
0.666667 -0.666667 0.125005 -0.0257025 -0.0298503 10000.5
0.733333 -0.666667 0.125 -0.00261001 -0.00289068 10000
0.8 -0.666667 0.125 -0.000205847 -0.000209726 10000
0.866667 -0.666667 0.125 -1.21273e-05 -1.03825e-05 10000
0.933333 -0.666667 0.125 -4.98465e-07 -1.80798e-07 10000
1 -0.666667 0.125 1.02414e-08 5.20275e-08 10000

-1 -0.6 0.125002 -0.00306782 0.000352451 10000.2
-0.933333 -0.6 0.125 -0.000474135 -0.000352454 10000
-0.866667 -0.6 0.125002 -0.00306782 -0.00295971 10000.2
-0.8 -0.6 0.125012 -0.0238109 -0.0232113 10001.4
-0.733333 -0.6 0.125076 -0.152206 -0.151008 10008.6
-0.666667 -0.6 0.12539 -0.808028 -0.8156 10045.4
-0.6 -0.6 0.126654 -3.55981 -3.64929 10196.6
-0.533333 -0.6 0.130728 -12.8499 -13.3732 10703.5
-0.466667 -0.6 0.140954 -36.3797 -38.6021 12031.4
-0.4 -0.6 0.159311 -77.4741 -82.382 14344.5
-0.333333 -0.6 0.174675 -115.876 -119.689 16430
-0.266667 -0.6 0.183576 -143.566 -137.546 18266.5
-0.2 -0.6 0.207375 -173.75 -143.976 24996.3
-0.133333 -0.6 0.350522 -197.489 -124.288 56841.3
-0.0666667 -0.6 1.06525 -192.186 -82.9198 210002
0 -0.6 2.32377 -143.348 -87.0895 485314
0.0666667 -0.6 1.60611 -180.436 -205.577 260671
0.133333 -0.6 0.720815 -311.156 -346.092 66417.4
0.2 -0.6 0.402125 -327.857 -342.976 31850.8
0.266667 -0.6 0.256993 -232.904 -248.932 22020.7
0.333333 -0.6 0.17819 -129.138 -142.585 15472.3
0.4 -0.6 0.141795 -49.5914 -56.9163 11866.9
0.466667 -0.6 0.129124 -13.8397 -16.2584 10467.5
0.533333 -0.6 0.125779 -2.9924 -3.52832 10088.6
0.6 -0.6 0.125109 -0.510686 -0.593682 10012.3
0.666667 -0.6 0.125011 -0.0688327 -0.0776029 10001.2
0.733333 -0.6 0.125001 -0.00725534 -0.007738 10000.1
0.8 -0.6 0.125 -0.000588202 -0.000565371 10000
0.866667 -0.6 0.125 -3.52306e-05 -2.54131e-05 10000
0.933333 -0.6 0.125 -1.49978e-06 -3.24713e-07 10000
1 -0.6 0.125 6.04075e-08 1.70345e-07 10000

-1 -0.533333 0.125004 -0.00686903 0.000767629 10000.4
-0.933333 -0.533333 0.125001 -0.00106794 -0.000767647 10000.1
-0.866667 -0.533333 0.125004 -0.00686903 -0.00644671 10000.4
-0.8 -0.533333 0.125027 -0.0521092 -0.0495059 10003
-0.733333 -0.533333 0.125161 -0.324842 -0.314743 10018.6
-0.666667 -0.533333 0.125806 -1.67535 -1.65398 10095.3
-0.6 -0.533333 0.128294 -7.17844 -7.20333 10400.3
-0.533333 -0.533333 0.13605 -25.2207 -25.5382 11387.2
-0.466667 -0.533333 0.155407 -67.7352 -70.1342 14015.9
-0.4 -0.533333 0.184801 -125.273 -130.08 17218.4
-0.333333 -0.533333 0.199191 -161.174 -162.771 17981.4
-0.266667 -0.533333 0.19848 -169.586 -166.077 17742.7
-0.2 -0.533333 0.21045 -163.881 -142.644 21241
-0.133333 -0.533333 0.324741 -138.205 -80.1722 44513.9
-0.0666667 -0.533333 0.868842 -108.988 -28.4866 146575
0 -0.533333 1.72032 -89.7073 -42.3498 307917
0.0666667 -0.533333 1.44663 -150.13 -160.202 203281
0.133333 -0.533333 0.847785 -272.174 -299.821 75232.7
0.2 -0.533333 0.508348 -340.533 -355.74 36088.8
0.266667 -0.533333 0.338272 -305.395 -316.025 25030.6
0.333333 -0.533333 0.218529 -198.493 -210.479 18136.7
0.4 -0.533333 0.156361 -90.689 -100.041 13206.3
0.466667 -0.533333 0.133009 -28.0251 -31.9068 10877.6
0.533333 -0.533333 0.126556 -6.47473 -7.43213 10172.8
0.6 -0.533333 0.125219 -1.16624 -1.32151 10024.4
0.666667 -0.533333 0.12502 -0.164574 -0.179996 10002.3
0.733333 -0.533333 0.125001 -0.0180512 -0.0184816 10000.1
0.8 -0.533333 0.125 -0.00150401 -0.00135102 9999.98
0.866667 -0.533333 0.125 -9.34914e-05 -5.41944e-05 10000
0.933333 -0.533333 0.125 -3.94373e-06 -1.84516e-07 10000
1 -0.533333 0.125 2.86937e-07 5.49403e-07 10000

-1 -0.466667 0.125007 -0.0142515 0.00152475 10000.8
-0.933333 -0.466667 0.125002 -0.0022695 -0.00152482 10000.2
-0.866667 -0.466667 0.125007 -0.0142515 -0.0129862 10000.8
-0.8 -0.466667 0.125052 -0.106035 -0.0978759 10005.9
-0.733333 -0.466667 0.125309 -0.646686 -0.608671 10036
-0.666667 -0.466667 0.126499 -3.2468 -3.1097 10179.3
-0.6 -0.466667 0.130895 -13.2834 -12.9498 10736.4
-0.533333 -0.466667 0.143522 -42.4525 -41.8122 12402.9
-0.466667 -0.466667 0.172124 -100.254 -100.051 16246.2
-0.4 -0.466667 0.209067 -165.101 -167.144 18963.8
-0.333333 -0.466667 0.22254 -201.361 -202.05 17864.4
-0.266667 -0.466667 0.216796 -202.934 -200.51 16708.4
-0.2 -0.466667 0.218537 -174.533 -160.195 18696.7
-0.133333 -0.466667 0.30749 -115.118 -71.5801 35082
-0.0666667 -0.466667 0.732898 -67.4578 -6.57918 105553
0 -0.466667 1.33473 -58.3374 -21.2269 203246
0.0666667 -0.466667 1.29678 -129.428 -130.879 162129
0.133333 -0.466667 0.916352 -238.917 -259.108 81763.4
0.2 -0.466667 0.599853 -308.514 -325.256 43810.8
0.266667 -0.466667 0.418362 -331.928 -345.02 27401.5
0.333333 -0.466667 0.272298 -276.267 -282.513 19512.3
0.4 -0.466667 0.177723 -143.887 -152.934 14683.9
0.466667 -0.466667 0.139001 -50.2196 -55.3977 11436.5
0.533333 -0.466667 0.127789 -12.5412 -14.0322 10299
0.6 -0.466667 0.125389 -2.39364 -2.64821 10042.8
0.666667 -0.466667 0.125032 -0.354776 -0.37685 10003.4
0.733333 -0.466667 0.125 -0.0406645 -0.0400132 9999.93
0.8 -0.466667 0.124999 -0.00350317 -0.00289619 9999.93
0.866667 -0.466667 0.125 -0.000229622 -0.000117558 9999.99
0.933333 -0.466667 0.125 -9.89123e-06 1.03817e-06 10000
1 -0.466667 0.125 9.95009e-07 1.58151e-06 10000

-1 -0.4 0.125012 -0.0227558 0.00226741 10001.4
-0.933333 -0.4 0.125003 -0.00343295 -0.00226758 10000.3
-0.866667 -0.4 0.125012 -0.0227558 -0.0193057 10001.4
-0.8 -0.4 0.125086 -0.167017 -0.144545 10009.9
-0.733333 -0.4 0.125494 -0.993747 -0.883105 10058.2
-0.666667 -0.4 0.127287 -4.81083 -4.36582 10276.8
-0.6 -0.4 0.133499 -18.5489 -17.1571 11071.6
-0.533333 -0.4 0.149966 -54.2352 -51.0524 13231.9
-0.466667 -0.4 0.184236 -115.182 -111.884 17541.1
-0.4 -0.4 0.226008 -183.884 -186.388 19416.7
-0.333333 -0.4 0.242627 -227.354 -229.285 17327.4
-0.266667 -0.4 0.236816 -234.49 -234.012 15505.9
-0.2 -0.4 0.233124 -199.575 -191.067 17093.6
-0.133333 -0.4 0.300738 -117.237 -86.7606 28906.5
-0.0666667 -0.4 0.630728 -56.2362 -9.18262 77984.1
0 -0.4 1.10328 -45.8065 -18.5685 144183
0.0666667 -0.4 1.16193 -111.704 -108.318 132558
0.133333 -0.4 0.926158 -205.721 -218.913 84308.7
0.2 -0.4 0.677511 -267.385 -281.756 52033.6
0.266667 -0.4 0.491911 -305.28 -322.349 33764
0.333333 -0.4 0.327517 -312.023 -324.108 20596.8
0.4 -0.4 0.205782 -210.344 -215.386 15514.8
0.466667 -0.4 0.147247 -80.2537 -85.8031 12053.5
0.533333 -0.4 0.129539 -21.8904 -23.9002 10458.3
0.6 -0.4 0.12562 -4.45118 -4.80004 10064.1
0.666667 -0.4 0.12504 -0.695724 -0.718451 10003.4
0.733333 -0.4 0.124996 -0.0837193 -0.0794021 9999.37
0.8 -0.4 0.124998 -0.00761003 -0.00575944 9999.77
0.866667 -0.4 0.125 -0.000520474 -0.000247532 9999.97
0.933333 -0.4 0.125 -2.36158e-05 3.62138e-06 10000
1 -0.4 0.125 2.81764e-06 3.9555e-06 10000

-1 -0.333333 0.125016 -0.0265071 0.00210811 10001.8
-0.933333 -0.333333 0.125004 -0.0036933 -0.00210832 10000.4
-0.866667 -0.333333 0.125016 -0.0265071 -0.0197336 10001.8
-0.8 -0.333333 0.125111 -0.193745 -0.149843 10012.9
-0.733333 -0.333333 0.125627 -1.13697 -0.92138 10074.4
-0.666667 -0.333333 0.127834 -5.37671 -4.5448 10342.8
-0.6 -0.333333 0.135195 -19.9962 -17.6201 11262.9
-0.533333 -0.333333 0.154023 -56.2006 -51.3036 13582.4
-0.466667 -0.333333 0.192056 -114.409 -109.28 17975
-0.4 -0.333333 0.240121 -182.93 -185.799 19994.4
-0.333333 -0.333333 0.26314 -234.372 -238.872 17610.2
-0.266667 -0.333333 0.261483 -249.622 -253.257 15456
-0.2 -0.333333 0.25842 -225.414 -222.298 16465.3
-0.133333 -0.333333 0.307465 -134.029 -115.063 26150.5
-0.0666667 -0.333333 0.565585 -63.2681 -26.9674 60996.4
0 -0.333333 0.971111 -46.1824 -26.8326 112296
0.0666667 -0.333333 1.05214 -91.3434 -86.8243 112358
0.133333 -0.333333 0.914548 -165.409 -173.479 84631
0.2 -0.333333 0.735102 -223.236 -235.728 59268.9
0.266667 -0.333333 0.572325 -257.967 -273.653 42615.5
0.333333 -0.333333 0.387235 -287.221 -307.415 25873.9
0.4 -0.333333 0.234119 -250.115 -258.483 15866
0.466667 -0.333333 0.157654 -116.504 -121.678 12561.1
0.533333 -0.333333 0.131773 -34.966 -37.2705 10622.8
0.6 -0.333333 0.125886 -7.54009 -7.95139 10080.1
0.666667 -0.333333 0.125033 -1.25507 -1.26402 10000.7
0.733333 -0.333333 0.124985 -0.15972 -0.146854 9997.92
0.8 -0.333333 0.124995 -0.0156137 -0.0112347 9999.4
0.866667 -0.333333 0.124999 -0.00114731 -0.000508486 9999.93
0.933333 -0.333333 0.125 -5.75393e-05 4.25349e-06 9999.99
1 -0.333333 0.125 5.14472e-06 8.19503e-06 10000

-1 -0.266667 0.125016 -0.0245305 0.00144105 10001.9
-0.933333 -0.266667 0.125004 -0.00300835 -0.00144119 10000.5
-0.866667 -0.266667 0.125016 -0.0245305 -0.015917 10001.9
-0.8 -0.266667 0.125116 -0.181475 -0.125486 10013.5
-0.733333 -0.266667 0.125658 -1.07393 -0.797377 10078
-0.666667 -0.266667 0.127973 -5.11414 -4.05773 10357
-0.6 -0.266667 0.135685 -19.0663 -16.1199 11298.7
-0.533333 -0.266667 0.155483 -53.3946 -47.7711 13604.6
-0.466667 -0.266667 0.195259 -107.867 -101.398 17948
-0.4 -0.266667 0.253101 -172.1 -173.425 20759.5
-0.333333 -0.266667 0.2888 -221.702 -227.852 19433.7
-0.266667 -0.266667 0.299892 -238.579 -246.612 18042.8
-0.2 -0.266667 0.299779 -227.359 -232.208 18306
-0.133333 -0.266667 0.332811 -156.243 -146.816 25548.8
-0.0666667 -0.266667 0.538 -79.5483 -53.3819 51734.5
0 -0.266667 0.899775 -50.8403 -36.6748 95762.8
0.0666667 -0.266667 0.98324 -69.4188 -66.485 100587
0.133333 -0.266667 0.902983 -119.18 -124.919 85235.2
0.2 -0.266667 0.780764 -173.033 -183.394 66604.6
0.266667 -0.266667 0.647411 -207.064 -220.492 51475.1
0.333333 -0.266667 0.462873 -235.532 -255.467 33874.9
0.4 -0.266667 0.268938 -235.751 -253.229 18444.8
0.466667 -0.266667 0.16934 -143.899 -150.464 12869.5
0.533333 -0.266667 0.134374 -50.8284 -53.0436 10718.1
0.6 -0.266667 0.126177 -11.9454 -12.332 10080.5
0.666667 -0.266667 0.124996 -2.09479 -2.06914 9992.42
0.733333 -0.266667 0.124965 -0.285603 -0.2565 9994.93
0.8 -0.266667 0.124989 -0.0305497 -0.0222524 9998.73
0.866667 -0.266667 0.124999 -0.0024818 -0.00121802 9999.85
0.933333 -0.266667 0.125 -0.000142455 -1.58464e-05 9999.99
1 -0.266667 0.125 5.71854e-06 1.4295e-05 10000

-1 -0.2 0.125015 -0.0176848 0.000394134 10001.7
-0.933333 -0.2 0.125004 -0.00144651 -0.000394168 10000.4
-0.866667 -0.2 0.125015 -0.0176848 -0.0081731 10001.7
-0.8 -0.2 0.125105 -0.137014 -0.0753684 10012.3
-0.733333 -0.2 0.125607 -0.840593 -0.532817 10071.7
-0.666667 -0.2 0.12779 -4.15916 -2.97981 10331.4
-0.6 -0.2 0.135186 -16.0573 -12.7402 11212.6
-0.533333 -0.2 0.154603 -46.3203 -40.0935 13396.4
-0.466667 -0.2 0.194258 -95.3592 -87.4323 17466.6
-0.4 -0.2 0.259854 -155.852 -154.096 21257.8
-0.333333 -0.2 0.326347 -192.635 -198.876 23344.9
-0.266667 -0.2 0.360552 -203.959 -214.439 23853.4
-0.2 -0.2 0.367105 -199.831 -210.623 24156.4
-0.133333 -0.2 0.385465 -159.947 -161.258 27960.4
-0.0666667 -0.2 0.536661 -91.8174 -74.915 48114
0 -0.2 0.864289 -52.5156 -41.5632 87341.1
0.0666667 -0.2 0.949436 -50.1618 -48.4108 94744.1
0.133333 -0.2 0.903364 -75.9057 -79.4913 86762
0.2 -0.2 0.816806 -118.519 -126.755 73484.1
0.266667 -0.2 0.702825 -153.937 -164.79 59408.1
0.333333 -0.2 0.535856 -179.731 -196.622 41793.8
0.4 -0.2 0.322235 -190.828 -210.871 23191.4
0.466667 -0.2 0.183318 -147.455 -157.901 13468.5
0.533333 -0.2 0.137065 -62.5557 -65.5396 10743.3
0.6 -0.2 0.126461 -17.0578 -17.4809 10066.6
0.666667 -0.2 0.124955 -3.31171 -3.25034 9978.94
0.733333 -0.2 0.124931 -0.485212 -0.430102 9989.48
0.8 -0.2 0.124978 -0.0563253 -0.0435864 9997.83
0.866667 -0.2 0.124997 -0.00508002 -0.00293659 9999.72
0.933333 -0.2 0.125 -0.000335093 -0.000103158 9999.97
1 -0.2 0.125 -3.59875e-06 1.92451e-05 9999.99

-1 -0.133333 0.12501 -0.00405726 -0.00111826 10001.2
-0.933333 -0.133333 0.125003 0.00109723 0.00111832 10000.3
-0.866667 -0.133333 0.12501 -0.00405726 0.00469596 10001.2
-0.8 -0.133333 0.125077 -0.0460595 0.0124916 10008.9
-0.733333 -0.133333 0.125468 -0.359058 -0.05576 10054.6
-0.666667 -0.133333 0.12727 -2.22152 -1.02398 10262.6
-0.6 -0.133333 0.133715 -10.2176 -6.69861 10994.2
-0.533333 -0.133333 0.151616 -33.5415 -26.5675 12914.5
-0.466667 -0.133333 0.190646 -74.7826 -66.0794 16593.2
-0.4 -0.133333 0.259404 -128.682 -123.249 21435
-0.333333 -0.133333 0.36353 -156.547 -157.866 27668.5
-0.266667 -0.133333 0.445683 -159.844 -169.433 32755.8
-0.2 -0.133333 0.47009 -156.626 -169.333 34045.9
-0.133333 -0.133333 0.473063 -137.422 -146.448 35410.2
-0.0666667 -0.133333 0.56541 -90.2916 -81.1592 48986
0 -0.133333 0.84945 -46.8389 -38.0098 83188.8
0.0666667 -0.133333 0.930256 -32.1953 -30.5956 91475
0.133333 -0.133333 0.906024 -42.3481 -43.9984 87528.7
0.2 -0.133333 0.839932 -66.7981 -72.0565 78398.8
0.266667 -0.133333 0.734767 -96.6552 -105.195 65325.4
0.333333 -0.133333 0.581891 -122.25 -135.529 47963.7
0.4 -0.133333 0.371177 -141.734 -160.089 27883.8
0.466667 -0.133333 0.200611 -131.902 -145.062 14620.3
0.533333 -0.133333 0.140908 -64.8758 -69.556 10913
0.6 -0.133333 0.126973 -20.6747 -21.5591 10070
0.666667 -0.133333 0.124955 -4.67884 -4.67438 9970.06
0.733333 -0.133333 0.124908 -0.782359 -0.732633 9985.52
0.8 -0.133333 0.124968 -0.0992381 -0.079483 9996.57
0.866667 -0.133333 0.124996 -0.00965386 -0.00633454 9999.52
0.933333 -0.133333 0.125 -0.000721973 -0.000342184 9999.95
1 -0.133333 0.125 -4.23104e-05 1.49353e-05 9999.99

-1 -0.0666667 0.125004 0.00926861 -0.00217428 10000.5
-0.933333 -0.0666667 0.125001 0.00304335 0.00217433 10000.2
-0.866667 -0.0666667 0.125004 0.00926861 0.0149803 10000.5
-0.8 -0.0666667 0.125038 0.0499459 0.0925916 10004.3
-0.733333 -0.0666667 0.12527 0.188413 0.429126 10030
-0.666667 -0.0666667 0.12647 0.217841 1.24026 10158.9
-0.6 -0.0666667 0.131198 -1.56876 1.72013 10647.3
-0.533333 -0.0666667 0.146134 -13.0447 -5.80031 12109.9
-0.466667 -0.0666667 0.183216 -43.1636 -32.8999 15383.6
-0.4 -0.0666667 0.254018 -87.4867 -78.5814 21106.4
-0.333333 -0.0666667 0.384948 -114.222 -109.873 30634
-0.266667 -0.0666667 0.5234 -117.516 -121.39 41746.9
-0.2 -0.0666667 0.586779 -113.963 -124.906 46970.6
-0.133333 -0.0666667 0.595325 -103.81 -115.483 47798.6
-0.0666667 -0.0666667 0.636725 -74.5624 -73.53 54404.3
0 -0.0666667 0.844728 -32.9648 -25.8258 80919
0.0666667 -0.0666667 0.911643 -13.5847 -11.3713 88536.9
0.133333 -0.0666667 0.900092 -15.489 -15.5204 86797.4
0.2 -0.0666667 0.847271 -25.1933 -27.8057 80268.5
0.266667 -0.0666667 0.74827 -41.1085 -46.8725 68541.5
0.333333 -0.0666667 0.6 -60.6898 -71.013 51577.4
0.4 -0.0666667 0.394299 -87.0441 -103.656 31158.2
0.466667 -0.0666667 0.217207 -100.097 -115.062 16225.9
0.533333 -0.0666667 0.147232 -59.2782 -66.1348 11394.6
0.6 -0.0666667 0.12829 -21.505 -23.296 10159.6
0.666667 -0.0666667 0.12511 -5.54667 -5.78151 9980.69
0.733333 -0.0666667 0.124911 -1.07057 -1.06189 9985.7
0.8 -0.0666667 0.124967 -0.157464 -0.141829 9995.83
0.866667 -0.0666667 0.124994 -0.0175516 -0.0137762 9999.35
0.933333 -0.0666667 0.124999 -0.00147496 -0.000971426 9999.93
1 -0.0666667 0.125 -0.000146725 -3.60923e-05 9999.98

-1 0 0.124999 0.0143852 -0.00195961 9999.92
-0.933333 0 0.125 0.00333417 0.00195959 10000
-0.866667 0 0.124999 0.0143852 0.0162345 9999.92
-0.8 0 0.125005 0.0949162 0.112566 10000.3
-0.733333 0 0.125095 0.487247 0.606697 10008.3
-0.666667 0 0.125734 1.87225 2.46271 10066.2
-0.6 0 0.128913 5.56453 7.71846 10346.1
-0.533333 0 0.140641 7.98625 13.6608 11352.7
-0.466667 0 0.173076 -0.891933 9.41346 14065.2
-0.4 0 0.244736 -30.717 -18.8652 20192.8
-0.333333 0 0.390836 -62.2534 -53.4582 32149.8
-0.266667 0 0.572288 -72.1315 -70.7691 48460.5
-0.2 0 0.683609 -71.5999 -77.9923 59471.9
-0.133333 0 0.715309 -67.0814 -76.9963 62181.3
-0.0666667 0 0.728479 -48.8589 -53.5168 64146.9
0 0 0.833911 -13.0493 -7.20088 78462
0.0666667 0 0.880168 7.15411 11.0415 84132.4
0.133333 0 0.875306 9.89629 12.0831 83634.5
0.2 0 0.833086 8.72052 8.776 78657.6
0.266667 0 0.743173 6.12224 3.30428 68355
0.333333 0 0.602847 -0.334613 -7.76247 52677.8
0.4 0 0.403082 -20.2441 -34.3626 33171.7
0.466667 0 0.230583 -49.3421 -65.1037 18133.9
0.533333 0 0.15495 -44.8651 -53.8612 12153.7
0.6 0 0.130869 -19.4496 -22.5502 10405
0.666667 0 0.125637 -5.61233 -6.28745 10033.7
0.733333 0 0.124985 -1.21428 -1.30257 9993.83
0.8 0 0.124976 -0.199909 -0.204113 9996.77
0.866667 0 0.124994 -0.0251071 -0.0233342 9999.35
0.933333 0 0.124999 -0.0023995 -0.00197861 9999.92
1 0 0.125 -0.000335456 -0.000123493 9999.98

-1 0.0666667 0.124997 0.0143571 -0.00141389 9999.7
-0.933333 0.0666667 0.124999 0.00284914 0.00141387 9999.94
-0.866667 0.0666667 0.124997 0.0143571 0.0139842 9999.7
-0.8 0.0666667 0.124989 0.101254 0.103225 9998.44
-0.733333 0.0666667 0.124995 0.55707 0.598327 9996.8
-0.666667 0.0666667 0.125284 2.442 2.72801 10013.8
-0.6 0.0666667 0.127359 8.47613 9.78471 10165.3
-0.533333 0.0666667 0.136358 20.9962 25.1337 10852.6
-0.466667 0.0666667 0.165109 36.7932 45.5074 13098.1
-0.4 0.0666667 0.235809 34.1268 47.5955 18960.6
-0.333333 0.0666667 0.387531 2.53787 15.188 32192.1
-0.266667 0.0666667 0.600629 -19.981 -13.7702 52769.5
-0.2 0.0666667 0.756477 -27.073 -29.3824 69397
-0.133333 0.0666667 0.807049 -27.3958 -34.1104 74796.8
-0.0666667 0.0666667 0.802863 -14.1865 -20.3494 74058.3
0 0.0666667 0.797291 16.3116 21.0034 73478.1
0.0666667 0.0666667 0.818881 34.1204 41.1679 76143.6
0.133333 0.0666667 0.821875 38.5887 43.8595 76685.8
0.2 0.0666667 0.789499 43.3189 46.5305 72918
0.266667 0.0666667 0.714118 48.9662 49.4244 64412.6
0.333333 0.0666667 0.59106 52.9067 49.0068 51004.9
0.4 0.0666667 0.407579 48.1886 37.8299 33707.7
0.466667 0.0666667 0.243995 16.1306 1.97206 19838.6
0.533333 0.0666667 0.163779 -15.2282 -26.3094 13224
0.6 0.0666667 0.134583 -13.022 -17.8948 10830.7
0.666667 0.0666667 0.126689 -4.61663 -5.98793 10154.5
0.733333 0.0666667 0.125191 -1.16398 -1.43042 10018.1
0.8 0.0666667 0.125005 -0.203053 -0.237582 10000.3
0.866667 0.0666667 0.124997 -0.0271105 -0.0298665 9999.68
0.933333 0.0666667 0.124999 -0.00285646 -0.00284673 9999.93
1 0.0666667 0.125 -0.000524355 -0.000236963 9999.99

-1 0.133333 0.124997 0.0117032 -0.000841564 9999.67
-0.933333 0.133333 0.124999 0.0019311 0.000841548 9999.93
-0.866667 0.133333 0.124997 0.0117032 0.0102133 9999.67
-0.8 0.133333 0.124984 0.0889561 0.082799 9998
-0.733333 0.133333 0.124959 0.523876 0.522276 9993.03
-0.666667 0.133333 0.125047 2.46539 2.56859 9990.79
-0.6 0.133333 0.126318 9.28634 10.0266 10065.5
-0.533333 0.133333 0.133355 27.2664 30.1602 10557.9
-0.466667 0.133333 0.159197 58.7668 66.0736 12444.3
-0.4 0.133333 0.227781 88.5465 101.273 17665.9
-0.333333 0.133333 0.381532 73.3501 88.8425 30839.8
-0.266667 0.133333 0.610514 38.4019 49.4525 54013.2
-0.2 0.133333 0.806303 17.8455 19.3488 76182.6
-0.133333 0.133333 0.876773 8.70806 4.43012 84762.2
-0.0666667 0.133333 0.854088 18.4403 10.8586 81986.9
0 0.133333 0.737532 48.8126 51.3766 65778.7
0.0666667 0.133333 0.727275 68.7061 78.837 64384.2
0.133333 0.133333 0.734219 75.9271 85.1219 65363.7
0.2 0.133333 0.714732 83.5132 90.4873 63088.7
0.266667 0.133333 0.657768 92.6183 96.6145 56856.4
0.333333 0.133333 0.559386 101.176 100.989 46570
0.4 0.133333 0.405405 105.874 99.2972 32640.3
0.466667 0.133333 0.258942 81.1577 69.4772 21249.5
0.533333 0.133333 0.176342 27.9601 15.5986 14715
0.6 0.133333 0.140149 1.17505 -5.96039 11516.4
0.666667 0.133333 0.128413 -1.80474 -4.17369 10367.1
0.733333 0.133333 0.125549 -0.788123 -1.30907 10062.3
0.8 0.133333 0.12506 -0.149836 -0.229661 10007.1
0.866667 0.133333 0.125004 -0.0213915 -0.030423 10000.5
0.933333 0.133333 0.125 -0.00241726 -0.00319542 10000
1 0.133333 0.125 -0.000590067 -0.000330573 10000

-1 0.2 0.124998 0.0074475 -0.000349188 9999.74
-0.933333 0.2 0.124999 0.00101988 0.000349183 9999.94
-0.866667 0.2 0.124998 0.0074475 0.00582296 9999.74
-0.8 0.2 0.124986 0.0637528 0.0550766 9998.39
-0.733333 0.2 0.124957 0.424389 0.402467 9993.24
-0.666667 0.2 0.124978 2.20283 2.21476 9986.75
-0.6 0.2 0.125787 8.99426 9.38629 10032.2
-0.533333 0.2 0.131187 28.8955 30.9582 10400.9
-0.466667 0.2 0.153439 69.4052 75.49 11984
-0.4 0.2 0.219212 119.877 131.035 16681.8
-0.333333 0.2 0.368811 135.825 152.129 28276.7
-0.266667 0.2 0.605929 101.98 117.359 52019.8
-0.2 0.2 0.833559 61.9782 67.4222 79399.7
-0.133333 0.2 0.93208 38.5311 35.5855 92970.2
-0.0666667 0.2 0.890881 39.0055 29.4029 88902
0 0.2 0.66327 72.3328 66.9955 58873.8
0.0666667 0.2 0.60952 103.306 115.476 49792.4
0.133333 0.2 0.620666 119.105 132.688 50555.2
0.2 0.2 0.616655 127.089 138.09 50205
0.266667 0.2 0.580379 135.919 143.733 46686
0.333333 0.2 0.509527 144.834 148.435 40107.6
0.4 0.2 0.392919 151.635 149.003 30489.2
0.466667 0.2 0.270578 131.491 123.554 22350.7
0.533333 0.2 0.189701 69.4932 57.5879 16491.9
0.6 0.2 0.14698 22.4104 13.6312 12486.6
0.666667 0.2 0.130612 4.27537 0.862896 10665.5
0.733333 0.2 0.126051 0.425687 -0.410959 10126.6
0.8 0.2 0.125149 0.0170978 -0.127281 10017.9
0.866667 0.2 0.125016 -0.00215854 -0.0206269 10001.9
0.933333 0.2 0.125001 -0.000675131 -0.00247022 10000.2
1 0.2 0.125 -0.000469276 -0.000314835 10000

-1 0.266667 0.124999 0.0038906 -7.38409e-05 9999.85
-0.933333 0.266667 0.125 0.000451883 7.38403e-05 9999.96
-0.866667 0.266667 0.124999 0.0038906 0.0028047 9999.85
-0.8 0.266667 0.124991 0.0377903 0.0316737 9999.04
-0.733333 0.266667 0.124971 0.288374 0.263798 9995.61
-0.666667 0.266667 0.124995 1.70625 1.68309 9992.57
-0.6 0.266667 0.125618 7.85069 8.06651 10034.3
-0.533333 0.266667 0.129821 27.6234 29.1268 10345
-0.466667 0.266667 0.147836 72.5987 77.722 11657.7
-0.4 0.266667 0.206306 133.588 144.14 15767.3
-0.333333 0.266667 0.340986 182.907 198.374 25043
-0.266667 0.266667 0.587183 162.715 181.23 47672.4
-0.2 0.266667 0.840091 109.568 119.025 79090.9
-0.133333 0.266667 0.984455 66.0753 63.7049 101016
-0.0666667 0.266667 0.932329 50.9075 37.8309 98009.2
0 0.266667 0.612924 85.0697 68.827 57032.8
0.0666667 0.266667 0.47834 136.017 144.883 35902.4
0.133333 0.266667 0.487056 164.174 179.735 35091.5
0.2 0.266667 0.4972 172.581 186.657 36195.6
0.266667 0.266667 0.48219 178.773 189.804 35232.4
0.333333 0.266667 0.439808 184.922 192.514 32152.9
0.4 0.266667 0.366584 186.44 188.31 27402
0.466667 0.266667 0.275286 163.128 159.307 22726.2
0.533333 0.266667 0.19876 98.7996 88.6965 18110.2
0.6 0.266667 0.152377 40.6202 32.2572 13372.7
0.666667 0.266667 0.132546 10.8194 7.24112 10940.8
0.733333 0.266667 0.126541 1.96627 1.04008 10187.7
0.8 0.266667 0.125237 0.2595 0.0911248 10028.3
0.866667 0.266667 0.125028 0.0278109 0.00489744 10003.3
0.933333 0.266667 0.125003 0.00226535 -9.2973e-05 10000.3
1 0.266667 0.125001 -7.93988e-05 -0.000100028 10000.1

-1 0.333333 0.124999 0.00198923 -2.06694e-05 9999.93
-0.933333 0.333333 0.125 0.000211349 2.06693e-05 9999.98
-0.866667 0.333333 0.124999 0.00198923 0.0014449 9999.93
-0.8 0.333333 0.124996 0.0210282 0.0177326 9999.56
-0.733333 0.333333 0.12499 0.172453 0.161581 9998.49
-0.666667 0.333333 0.125031 1.13461 1.13001 10000.9
-0.6 0.333333 0.125596 5.8988 6.08604 10048.6
-0.533333 0.333333 0.128963 23.5208 24.6804 10339.3
-0.466667 0.333333 0.14323 69.3152 73.5134 11467
-0.4 0.333333 0.189887 141.24 150.767 14777
-0.333333 0.333333 0.30337 215.517 229.373 21877.4
-0.266667 0.333333 0.541626 213.477 233.438 41628.9
-0.2 0.333333 0.836989 160.497 174.618 76503.6
-0.133333 0.333333 1.0458 93.6167 91.665 111406
-0.0666667 0.333333 1.0027 58.005 39.7829 114386
0 0.333333 0.60532 85.8554 56.6995 61050.4
0.0666667 0.333333 0.374507 162.715 160.554 28038.1
0.133333 0.333333 0.363814 214.736 228.382 23030.5
0.2 0.333333 0.381042 224.051 238.798 24144.7
0.266667 0.333333 0.384985 224.53 235.766 25120.2
0.333333 0.333333 0.367331 224.179 232.365 24529.1
0.4 0.333333 0.330369 214.382 219.195 23685.6
0.466667 0.333333 0.272452 179.013 178.281 22583
0.533333 0.333333 0.202567 114.307 106.385 19053
0.6 0.333333 0.154498 49.942 42.3954 13800.4
0.666667 0.333333 0.133327 14.2206 11.0345 11054.4
0.733333 0.333333 0.126744 2.8121 1.97571 10212.6
0.8 0.333333 0.125277 0.421063 0.265496 10032.8
0.866667 0.333333 0.125034 0.0495231 0.0277521 10003.9
0.933333 0.333333 0.125003 0.00457261 0.00227384 10000.4
1 0.333333 0.125001 0.000334378 0.000122368 10000.1

-1 0.4 0.125 0.000999598 -1.39433e-05 9999.97
-0.933333 0.4 0.125 0.000108994 1.39433e-05 9999.99
-0.866667 0.4 0.125 0.000999598 0.000768262 9999.97
-0.8 0.4 0.124999 0.0111873 0.0100279 9999.87
-0.733333 0.4 0.125 0.0979152 0.0962146 9999.95
-0.666667 0.4 0.125052 0.67911 0.702825 10005.3
-0.6 0.4 0.12553 3.7902 4.02788 10054.7
-0.533333 0.4 0.128208 16.9795 18.1321 10331.9
-0.466667 0.4 0.139322 57.4213 61.0165 11347.3
-0.4 0.4 0.175253 136.7 144.259 14040.8
-0.333333 0.4 0.270982 228.506 239.92 19826.6
-0.266667 0.4 0.472871 257.534 276.936 34557.6
-0.2 0.4 0.825138 203.881 223.428 72872.7
-0.133333 0.4 1.13011 117.988 119.085 126855
-0.0666667 0.4 1.12842 66.0051 41.4731 143933
0 0.4 0.630605 84.7285 40.8333 72270.5
0.0666667 0.4 0.314313 169.326 150.828 26128.5
0.133333 0.4 0.280059 252.542 257.211 16096.6
0.2 0.4 0.300541 269.712 281.643 16091.8
0.266667 0.4 0.318543 261.843 271.243 18396.1
0.333333 0.4 0.316404 253.621 259.942 19632.5
0.4 0.4 0.297875 234.625 238.666 20773.6
0.466667 0.4 0.260551 187.965 189.275 22066.8
0.533333 0.4 0.200844 120.277 114.125 19279.6
0.6 0.4 0.153788 53.1926 46.511 13856.1
0.666667 0.4 0.133121 15.185 12.4845 11037.4
0.733333 0.4 0.126702 3.02948 2.33824 10207.1
0.8 0.4 0.125272 0.46091 0.332894 10032
0.866667 0.4 0.125034 0.0553142 0.0372011 10003.9
0.933333 0.4 0.125003 0.00523922 0.00331128 10000.4
1 0.4 0.125001 0.000524988 0.000252632 10000.1

-1 0.466667 0.125 0.000479485 -1.2146e-05 9999.99
-0.933333 0.466667 0.125 5.78522e-05 1.21459e-05 10000
-0.866667 0.466667 0.125 0.000479485 0.000406914 9999.99
-0.8 0.466667 0.125 0.00561835 0.00543045 9999.99
-0.733333 0.466667 0.125003 0.0513428 0.0532497 10000.4
-0.666667 0.466667 0.125048 0.373925 0.403556 10005.5
-0.6 0.466667 0.125396 2.19712 2.42489 10046
-0.533333 0.466667 0.127269 10.4159 11.5926 10265.2
-0.466667 0.466667 0.135339 39.6851 43.4393 11122.4
-0.4 0.466667 0.162706 111.122 118.548 13540.8
-0.333333 0.466667 0.240196 211.694 221.777 18994.6
-0.266667 0.466667 0.409337 288.275 304.055 29169
-0.2 0.466667 0.790617 233.3 257.115 68798.7
-0.133333 0.466667 1.23061 137.763 144.323 148104
-0.0666667 0.466667 1.33455 80.679 49.6963 194441
0 0.466667 0.694358 95.6567 36.3761 93183.4
0.0666667 0.466667 0.289271 169.335 135.933 27742.6
0.133333 0.466667 0.231775 255.712 248.799 14378.2
0.2 0.466667 0.253352 289.184 293.631 12626.3
0.266667 0.466667 0.278053 276.85 282.549 15152.6
0.333333 0.466667 0.283287 263.777 267.403 17598.8
0.4 0.466667 0.274184 240.198 243.026 19659.8
0.466667 0.466667 0.244415 191.668 193.292 21482.6
0.533333 0.466667 0.193222 120.845 116.237 18922.9
0.6 0.466667 0.15041 52.152 47.2499 13542.8
0.666667 0.466667 0.132004 14.4274 12.5522 10901.4
0.733333 0.466667 0.126431 2.82092 2.36871 10173.1
0.8 0.466667 0.125224 0.425119 0.343697 10026.1
0.866667 0.466667 0.125028 0.0509011 0.0393466 10003.1
0.933333 0.466667 0.125003 0.00484445 0.00361235 10000.3
1 0.466667 0.125001 0.00056207 0.000332286 10000.1

-1 0.533333 0.125 0.000213437 -9.06054e-06 10000
-0.933333 0.533333 0.125 2.86308e-05 9.06054e-06 10000
-0.866667 0.533333 0.125 0.000213437 0.000202752 10000
-0.8 0.533333 0.125 0.0025701 0.00266232 10000
-0.733333 0.533333 0.125003 0.0243923 0.0265961 10000.4
-0.666667 0.533333 0.125033 0.185885 0.210006 10003.9
-0.6 0.533333 0.125241 1.14687 1.3188 10029.5
-0.533333 0.533333 0.126385 5.76451 6.63271 10166.3
-0.466667 0.533333 0.131481 23.5072 26.7686 10749.6
-0.4 0.533333 0.149974 75.1713 83.5354 12692.2
-0.333333 0.533333 0.206816 170.868 184.194 17734.3
-0.266667 0.533333 0.355966 277.475 289.973 27854.4
-0.2 0.533333 0.706288 257.395 285.561 62793.4
-0.133333 0.533333 1.32674 155.957 170.35 176431
-0.0666667 0.533333 1.63954 105.746 69.3563 275071
0 0.533333 0.793689 129.91 53.5896 124509
0.0666667 0.533333 0.287398 180.337 131.822 32476.8
0.133333 0.533333 0.210875 234.599 220.883 15577.9
0.2 0.533333 0.228552 270.674 267.051 13142.9
0.266667 0.533333 0.25232 265.914 267.497 14895.1
0.333333 0.533333 0.259072 253.96 255.356 17585.3
0.4 0.533333 0.253449 230.454 231.806 19712.3
0.466667 0.533333 0.227306 181.999 183.521 21046.3
0.533333 0.533333 0.180851 112.104 109.469 17848
0.6 0.533333 0.144376 43.9961 41.9969 12702
0.666667 0.533333 0.129936 10.9746 10.3037 10626.9
0.733333 0.533333 0.125946 1.99969 1.8471 10113.1
0.8 0.533333 0.125142 0.289372 0.261657 10016.3
0.866667 0.533333 0.125017 0.0338883 0.0298714 10001.9
0.933333 0.533333 0.125002 0.00320379 0.00276618 10000.2
1 0.533333 0.125 0.000411079 0.000262674 10000

-1 0.6 0.125 8.49722e-05 -4.94147e-06 10000
-0.933333 0.6 0.125 1.23475e-05 4.94147e-06 10000
-0.866667 0.6 0.125 8.49722e-05 8.82284e-05 10000
-0.8 0.6 0.125 0.00104636 0.00115212 10000
-0.733333 0.6 0.125002 0.010285 0.0117965 10000.2
-0.666667 0.6 0.125017 0.0814161 0.0952085 10002
-0.6 0.6 0.125125 0.526924 0.621336 10014.7
-0.533333 0.6 0.12574 2.81969 3.3303 10087.4
-0.466667 0.6 0.128579 12.5241 14.6826 10421.8
-0.4 0.6 0.139533 45.3328 52.1596 11682.2
-0.333333 0.6 0.176307 123.821 138.612 15549
-0.266667 0.6 0.291707 230.424 251.762 26457.9
-0.2 0.6 0.602684 270.705 300.172 60199.6
-0.133333 0.6 1.41883 174.973 200.709 216892
-0.0666667 0.6 2.05813 146.166 105.196 396071
0 0.6 0.938039 195.897 98.5417 170114
0.0666667 0.6 0.29807 211.005 144.923 40614.1
0.133333 0.6 0.204596 214.999 194.525 18014.6
0.2 0.6 0.212484 229.465 223.538 15252.2
0.266667 0.6 0.231254 234.227 233.634 16256.7
0.333333 0.6 0.237027 227.063 227.483 18465.4
0.4 0.6 0.232098 204.031 205.117 20122.1
0.466667 0.6 0.205931 154.205 156.33 20004.6
0.533333 0.6 0.163564 83.6667 85.2342 15564.4
0.6 0.6 0.13674 27.2517 27.1896 11555.3
0.666667 0.6 0.127623 5.83336 5.75606 10320.5
0.733333 0.6 0.125457 0.960734 0.940626 10053.4
0.8 0.6 0.125065 0.130174 0.12636 10007.4
0.866667 0.6 0.125007 0.0146101 0.0140383 10000.8
0.933333 0.6 0.125001 0.00135206 0.00128822 10000.1
1 0.6 0.125 0.000185895 0.000125049 10000

-1 0.666667 0.125 2.95733e-05 -2.20005e-06 10000
-0.933333 0.666667 0.125 4.54732e-06 2.20005e-06 10000
-0.866667 0.666667 0.125 2.95733e-05 3.30662e-05 10000
-0.8 0.666667 0.125 0.000373028 0.000434501 10000
-0.733333 0.666667 0.125001 0.00377294 0.00447529 10000.1
-0.666667 0.666667 0.125007 0.0310924 0.0373801 10000.9
-0.6 0.666667 0.125056 0.212115 0.257032 10006.5
-0.533333 0.666667 0.125344 1.21301 1.47265 10040.6
-0.466667 0.666667 0.12674 5.88472 7.09887 10208.9
-0.4 0.666667 0.132487 24.2555 28.8436 10918.9
-0.333333 0.666667 0.153759 81.1253 94.2239 13514.7
-0.266667 0.666667 0.230892 187.731 215.834 22561.3
-0.2 0.666667 0.511353 256.738 300.579 61153.3
-0.133333 0.666667 1.49549 201.706 244.724 264293
-0.0666667 0.666667 2.61646 211.241 164.317 578720
0 0.666667 1.15101 289.035 164.161 239853
0.0666667 0.666667 0.31755 267.348 186.578 51456.1
0.133333 0.666667 0.202726 209.74 181.929 21782.4
0.2 0.666667 0.199409 187.744 181.87 17106.1
0.266667 0.666667 0.208388 188.35 188.441 17564.4
0.333333 0.666667 0.21154 183.573 185.695 19051.1
0.4 0.666667 0.203884 159.127 163.311 19468.7
0.466667 0.666667 0.176668 107.551 113.234 17015.6
0.533333 0.666667 0.144805 44.4784 47.1314 12729
0.6 0.666667 0.130368 11.8175 12.3132 10674.8
0.666667 0.666667 0.126106 2.30684 2.36405 10131.4
0.733333 0.666667 0.125182 0.365272 0.368465 10020.9
0.8 0.666667 0.125025 0.0480883 0.0477145 10002.8
0.866667 0.666667 0.125003 0.00525721 0.00512601 10000.3
0.933333 0.666667 0.125 0.000472086 0.000455917 10000
1 0.666667 0.125 6.14208e-05 4.49844e-05 10000

-1 0.733333 0.125 8.89076e-06 -7.79158e-07 10000
-0.933333 0.733333 0.125 1.42556e-06 7.79158e-07 10000
-0.866667 0.733333 0.125 8.89076e-06 1.0586e-05 10000
-0.8 0.733333 0.125 0.000114545 0.000138454 10000
-0.733333 0.733333 0.125 0.0011987 0.00147217 10000
-0.666667 0.733333 0.125003 0.0103406 0.0128473 10000.3
-0.6 0.733333 0.125022 0.0744863 0.093062 10002.5
-0.533333 0.733333 0.125139 0.455283 0.568812 10016.4
-0.466667 0.733333 0.12574 2.4167 3.00085 10090.3
-0.4 0.733333 0.128401 11.4156 13.9931 10437.1
-0.333333 0.733333 0.139392 47.6858 57.3551 11975.9
-0.266667 0.733333 0.188185 152.237 181.505 18831
-0.2 0.733333 0.428929 257.015 322.326 57277.3
-0.133333 0.733333 1.56492 252.998 320.665 311501
-0.0666667 0.733333 3.44352 296.607 250.93 861261
0 0.733333 1.44093 409.255 254.709 341749
0.0666667 0.733333 0.343982 358.507 264.954 63830.8
0.133333 0.733333 0.202974 223.862 189.825 26127.3
0.2 0.733333 0.183761 150.664 145.855 17878.2
0.266667 0.733333 0.181288 135.85 140.609 17098.4
0.333333 0.733333 0.179977 126.149 135.001 17242
0.4 0.733333 0.169814 99.5356 109.063 16233.8
0.466667 0.733333 0.149406 54.799 60.3157 13275.3
0.533333 0.733333 0.133177 18.2348 19.8978 11040.2
0.6 0.733333 0.127038 4.33323 4.65009 10244.2
0.666667 0.733333 0.125397 0.807989 0.852612 10046
0.733333 0.733333 0.125062 0.12369 0.128227 10007.1
0.8 0.733333 0.125008 0.0157143 0.0160265 10000.9
0.866667 0.733333 0.125001 0.00165518 0.00166006 10000.1
0.933333 0.733333 0.125 0.000143301 0.000142534 10000
1 0.733333 0.125 1.83368e-05 1.39304e-05 10000

-1 0.8 0.125 2.2826e-06 -2.30824e-07 10000
-0.933333 0.8 0.125 3.80916e-07 2.30824e-07 10000
-0.866667 0.8 0.125 2.2826e-06 2.82707e-06 10000
-0.8 0.8 0.125 3.01756e-05 3.79491e-05 10000
-0.733333 0.8 0.125 0.000329084 0.000419677 10000
-0.666667 0.8 0.125001 0.00297244 0.00382383 10000.1
-0.6 0.8 0.125007 0.0225673 0.0291168 10000.8
-0.533333 0.8 0.125048 0.147424 0.189697 10005.7
-0.466667 0.8 0.125273 0.860731 1.09849 10033.3
-0.4 0.8 0.126358 4.73847 5.96567 10181.4
-0.333333 0.8 0.131484 25.4389 31.535 11001.2
-0.266667 0.8 0.15997 117.858 144.664 15801.7
-0.2 0.8 0.352692 285.334 367.524 48647.4
-0.133333 0.8 1.63255 333.801 443.173 340490
-0.0666667 0.8 4.51049 420.598 389.561 1.21938e+06
0 0.8 1.86767 569.584 388.903 483915
0.0666667 0.8 0.373073 483.119 383.261 75436.3
0.133333 0.8 0.204157 249.733 212.845 29467.9
0.2 0.8 0.166101 115.495 112.193 16939.8
0.266667 0.8 0.15616 81.089 89.0189 14481.9
0.333333 0.8 0.152078 66.5384 75.5344 13687.7
0.4 0.8 0.144363 45.0767 51.7917 12535.7
0.466667 0.8 0.13392 19.8523 22.7922 11124.1
0.533333 0.8 0.127736 5.88118 6.62654 10329.1
0.6 0.8 0.125645 1.33052 1.47338 10075.3
0.666667 0.8 0.125121 0.241916 0.262951 10013.8
0.733333 0.8 0.125018 0.036073 0.0385052 10002.1
0.8 0.8 0.125002 0.00444313 0.00466106 10000.3
0.866667 0.8 0.125 0.000451489 0.000465571 10000
0.933333 0.8 0.125 3.76267e-05 3.84615e-05 10000
1 0.8 0.125 4.72118e-06 3.69954e-06 10000

-1 0.866667 0.125 5.07588e-07 -6.2617e-08 10000
-0.933333 0.866667 0.125 9.44241e-08 6.2617e-08 10000
-0.866667 0.866667 0.125 5.07588e-07 6.51878e-07 10000
-0.8 0.866667 0.125 6.80286e-06 8.91106e-06 10000
-0.733333 0.866667 0.125 7.71431e-05 0.000102167 10000
-0.666667 0.866667 0.125 0.0007274 0.000969262 10000
-0.6 0.866667 0.125002 0.00580707 0.0077424 10000.2
-0.533333 0.866667 0.125014 0.0405412 0.0537621 10001.7
-0.466667 0.866667 0.125087 0.262033 0.343554 10010.6
-0.4 0.866667 0.125487 1.70873 2.21089 10067.1
-0.333333 0.866667 0.127839 11.9413 15.2758 10480.1
-0.266667 0.866667 0.144733 80.4117 100.59 13847.5
-0.2 0.866667 0.293823 305.926 391.496 40400.6
-0.133333 0.866667 1.6378 410.299 550.809 341616
-0.0666667 0.866667 5.6302 544.281 547.667 1.58443e+06
0 0.866667 2.36795 713.337 538.682 643913
0.0666667 0.866667 0.411679 590.53 482.392 89844.1
0.133333 0.866667 0.203299 262.295 223.694 31025.9
0.2 0.866667 0.150634 76.4645 73.3109 14606.3
0.266667 0.866667 0.138772 35.1738 39.9454 11830.8
0.333333 0.866667 0.135117 24.1878 28.6275 11276.1
0.4 0.866667 0.131198 13.9023 16.637 10759.2
0.466667 0.866667 0.127507 5.36669 6.35795 10298.3
0.533333 0.866667 0.125737 1.52637 1.77893 10086.1
0.6 0.866667 0.125169 0.339501 0.388626 10019.3
0.666667 0.866667 0.125031 0.0608405 0.0683257 10003.5
0.733333 0.866667 0.125005 0.00890412 0.0098166 10000.5
0.8 0.866667 0.125001 0.00106954 0.00115785 10000.1
0.866667 0.866667 0.125 0.00010534 0.000111994 10000
0.933333 0.866667 0.125 8.49936e-06 8.94482e-06 10000
1 0.866667 0.125 1.0621e-06 8.60549e-07 10000

-1 0.933333 0.125 1.04791e-07 -1.4896e-08 10000
-0.933333 0.933333 0.125 2.43428e-08 1.4896e-08 10000
-0.866667 0.933333 0.125 1.04791e-07 1.36169e-07 10000
-0.8 0.933333 0.125 1.23775e-06 1.71831e-06 10000
-0.733333 0.933333 0.125 1.42613e-05 2.01086e-05 10000
-0.666667 0.933333 0.125 0.000139148 0.00019708 10000
-0.6 0.933333 0.125001 0.00115917 0.00164185 10000.1
-0.533333 0.933333 0.125004 0.00856951 0.0120934 10000.4
-0.466667 0.933333 0.125026 0.0604007 0.0849918 10003.2
-0.4 0.933333 0.125185 0.448963 0.641786 10025.7
-0.333333 0.933333 0.126516 3.71654 5.58564 10264.9
-0.266667 0.933333 0.139651 32.8285 49.6559 13217.5
-0.2 0.933333 0.27841 195.128 274.809 47788.2
-0.133333 0.933333 1.68732 366.133 509.5 444054
-0.0666667 0.933333 6.2801 561.766 585.922 2.00754e+06
0 0.933333 2.77887 739.155 567.305 883934
0.0666667 0.933333 0.481781 568.978 422.391 132359
0.133333 0.933333 0.201515 218.665 175.814 32284
0.2 0.933333 0.139572 37.13 33.0699 12577.4
0.266667 0.933333 0.129987 10.2989 11.8119 10626.5
0.333333 0.933333 0.128001 5.92481 7.23867 10358.2
0.4 0.933333 0.126575 3.01732 3.70287 10184.1
0.466667 0.933333 0.125592 1.11098 1.34444 10068.6
0.533333 0.933333 0.125169 0.310595 0.36922 10019.2
0.6 0.933333 0.125038 0.0686219 0.0799753 10004.3
0.666667 0.933333 0.125007 0.0122116 0.0139475 10000.8
0.733333 0.933333 0.125001 0.00176748 0.00197787 10000.1
0.8 0.933333 0.125 0.000208799 0.000228928 10000
0.866667 0.933333 0.125 2.01468e-05 2.16421e-05 10000
0.933333 0.933333 0.125 1.61539e-06 1.70865e-06 10000
1 0.933333 0.125 2.103e-07 1.78493e-07 10000

-1 1 0.125 3.91443e-08 -1.65331e-09 10000
-0.933333 1 0.125 8.49341e-09 1.65331e-09 10000
-0.866667 1 0.125 3.91443e-08 2.11268e-08 10000
-0.8 1 0.125 4.54616e-07 1.50041e-07 10000
-0.733333 1 0.125 5.24332e-06 1.51395e-06 10000
-0.666667 1 0.125 5.21234e-05 1.45735e-05 10000
-0.6 1 0.125 0.000445026 0.000122378 10000
-0.533333 1 0.125002 0.00339573 0.000937873 10000.2
-0.466667 1 0.125015 0.0249393 0.00723911 10001.8
-0.4 1 0.12512 0.193468 0.0641654 10017.2
-0.333333 1 0.126186 1.63447 0.681963 10214.4
-0.266667 1 0.138812 13.7741 7.83195 13185.2
-0.2 1 0.292325 80.553 65.9123 61191.5
-0.133333 1 1.98002 228.329 157.048 735482
-0.0666667 1 7.57606 466.823 196.988 3.34216e+06
0 1 3.40148 654.124 206.36 1.46368e+06
0.0666667 1 0.593273 495.913 129.425 207696
0.133333 1 0.201472 177.172 43.2708 33686.3
0.2 1 0.136029 24.7614 2.92721 11998.4
0.266667 1 0.127971 5.08213 0.811183 10369
0.333333 1 0.126581 2.62156 0.433913 10184.7
0.4 1 0.125761 1.26907 0.191723 10088.1
0.466667 1 0.125277 0.461679 0.063373 10031.6
0.533333 1 0.125077 0.128801 0.0162338 10008.8
0.6 1 0.125017 0.0284706 0.00329924 10001.9
0.666667 1 0.125003 0.00506988 0.000539047 10000.3
0.733333 1 0.125 0.000732754 7.12623e-05 10000
0.8 1 0.125 8.61905e-05 7.66656e-06 10000
0.866667 1 0.125 8.27142e-06 6.9729e-07 10000
0.933333 1 0.125 6.68436e-07 7.19712e-08 10000
1 1 0.125 8.06338e-08 1.1923e-08 10000

