-1 -1 0.125 0 0 10000
-0.933333 -1 0.125 0 -0 10000
-0.866667 -1 0.125 0 -0 10000
-0.8 -1 0.125 0 -0 10000
-0.733333 -1 0.125 0 -0 10000
-0.666667 -1 0.125 0 -0 10000
-0.6 -1 0.125 0 -0 10000
-0.533333 -1 0.125 0 -0 10000
-0.466667 -1 0.125 0 -0 10000
-0.4 -1 0.125 0 -0 10000
-0.333333 -1 0.125 0 -0 10000
-0.266667 -1 0.125 0 -0 10000
-0.2 -1 0.125 0 -0 10000
-0.133333 -1 0.125 0 -0 10000
-0.0666667 -1 0.125 0 -0 10000
0 -1 0.125 0 -0 10000
0.0666667 -1 0.125 0 -0 10000
0.133333 -1 0.125 0 -0 10000
0.2 -1 0.125 0 -0 10000
0.266667 -1 0.125 0 -0 10000
0.333333 -1 0.125 0 -0 10000
0.4 -1 0.125 0 -0 10000
0.466667 -1 0.125 0 -0 10000
0.533333 -1 0.125 0 -0 10000
0.6 -1 0.125 0 -0 10000
0.666667 -1 0.125 0 -0 10000
0.733333 -1 0.125 0 -0 10000
0.8 -1 0.125 0 -0 10000
0.866667 -1 0.125 0 -0 10000
0.933333 -1 0.125 0 -0 10000
1 -1 0.125 1.0941e-31 -0 10000

-1 -0.933333 0.125 0 -0 10000
-0.933333 -0.933333 0.125 0 0 10000
-0.866667 -0.933333 0.125 0 0 10000
-0.8 -0.933333 0.125 0 0 10000
-0.733333 -0.933333 0.125 0 0 10000
-0.666667 -0.933333 0.125 0 0 10000
-0.6 -0.933333 0.125 0 0 10000
-0.533333 -0.933333 0.125 0 0 10000
-0.466667 -0.933333 0.125 0 0 10000
-0.4 -0.933333 0.125 0 0 10000
-0.333333 -0.933333 0.125 0 0 10000
-0.266667 -0.933333 0.125 0 0 10000
-0.2 -0.933333 0.125 0 0 10000
-0.133333 -0.933333 0.125 0 0 10000
-0.0666667 -0.933333 0.125 0 0 10000
0 -0.933333 0.125 0 0 10000
0.0666667 -0.933333 0.125 0 0 10000
0.133333 -0.933333 0.125 0 0 10000
0.2 -0.933333 0.125 0 0 10000
0.266667 -0.933333 0.125 0 0 10000
0.333333 -0.933333 0.125 0 0 10000
0.4 -0.933333 0.125 0 0 10000
0.466667 -0.933333 0.125 0 0 10000
0.533333 -0.933333 0.125 0 0 10000
0.6 -0.933333 0.125 0 0 10000
0.666667 -0.933333 0.125 0 0 10000
0.733333 -0.933333 0.125 0 0 10000
0.8 -0.933333 0.125 0 0 10000
0.866667 -0.933333 0.125 0 0 10000
0.933333 -0.933333 0.125 0 0 10000
1 -0.933333 0.125 1.0941e-31 0 10000

-1 -0.866667 0.125 0 -0 10000
-0.933333 -0.866667 0.125 0 0 10000
-0.866667 -0.866667 0.125 0 0 10000
-0.8 -0.866667 0.125 0 0 10000
-0.733333 -0.866667 0.125 0 0 10000
-0.666667 -0.866667 0.125 0 0 10000
-0.6 -0.866667 0.125 0 0 10000
-0.533333 -0.866667 0.125 0 0 10000
-0.466667 -0.866667 0.125 0 0 10000
-0.4 -0.866667 0.125 0 0 10000
-0.333333 -0.866667 0.125 0 0 10000
-0.266667 -0.866667 0.125 0 0 10000
-0.2 -0.866667 0.125 0 0 10000
-0.133333 -0.866667 0.125 0 0 10000
-0.0666667 -0.866667 0.125 0 0 10000
0 -0.866667 0.125 0 0 10000
0.0666667 -0.866667 0.125 0 0 10000
0.133333 -0.866667 0.125 0 0 10000
0.2 -0.866667 0.125 0 0 10000
0.266667 -0.866667 0.125 0 0 10000
0.333333 -0.866667 0.125 0 0 10000
0.4 -0.866667 0.125 0 0 10000
0.466667 -0.866667 0.125 0 0 10000
0.533333 -0.866667 0.125 0 0 10000
0.6 -0.866667 0.125 0 0 10000
0.666667 -0.866667 0.125 0 0 10000
0.733333 -0.866667 0.125 0 0 10000
0.8 -0.866667 0.125 0 0 10000
0.866667 -0.866667 0.125 0 0 10000
0.933333 -0.866667 0.125 0 0 10000
1 -0.866667 0.125 1.0941e-31 0 10000

-1 -0.8 0.125 0 -0 10000
-0.933333 -0.8 0.125 0 0 10000
-0.866667 -0.8 0.125 0 0 10000
-0.8 -0.8 0.125 0 0 10000
-0.733333 -0.8 0.125 0 0 10000
-0.666667 -0.8 0.125 0 0 10000
-0.6 -0.8 0.125 0 0 10000
-0.533333 -0.8 0.125 0 0 10000
-0.466667 -0.8 0.125 0 0 10000
-0.4 -0.8 0.125 0 0 10000
-0.333333 -0.8 0.125 0 0 10000
-0.266667 -0.8 0.125 0 0 10000
-0.2 -0.8 0.125 0 0 10000
-0.133333 -0.8 0.125 0 0 10000
-0.0666667 -0.8 0.125 0 0 10000
0 -0.8 0.125 0 0 10000
0.0666667 -0.8 0.125 0 0 10000
0.133333 -0.8 0.125 0 0 10000
0.2 -0.8 0.125 0 0 10000
0.266667 -0.8 0.125 0 0 10000
0.333333 -0.8 0.125 0 0 10000
0.4 -0.8 0.125 0 0 10000
0.466667 -0.8 0.125 0 0 10000
0.533333 -0.8 0.125 0 0 10000
0.6 -0.8 0.125 0 0 10000
0.666667 -0.8 0.125 0 0 10000
0.733333 -0.8 0.125 0 0 10000
0.8 -0.8 0.125 0 0 10000
0.866667 -0.8 0.125 0 0 10000
0.933333 -0.8 0.125 0 0 10000
1 -0.8 0.125 1.0941e-31 0 10000

-1 -0.733333 0.125 0 -0 10000
-0.933333 -0.733333 0.125 0 0 10000
-0.866667 -0.733333 0.125 0 0 10000
-0.8 -0.733333 0.125 0 0 10000
-0.733333 -0.733333 0.125 0 0 10000
-0.666667 -0.733333 0.125 0 0 10000
-0.6 -0.733333 0.125 0 0 10000
-0.533333 -0.733333 0.125 0 0 10000
-0.466667 -0.733333 0.125 0 0 10000
-0.4 -0.733333 0.125 0 0 10000
-0.333333 -0.733333 0.125 0 0 10000
-0.266667 -0.733333 0.125 0 0 10000
-0.2 -0.733333 0.125 0 0 10000
-0.133333 -0.733333 0.125 0 0 10000
-0.0666667 -0.733333 0.125 0 0 10000
0 -0.733333 0.125 0 0 10000
0.0666667 -0.733333 0.125 0 0 10000
0.133333 -0.733333 0.125 0 0 10000
0.2 -0.733333 0.125 0 0 10000
0.266667 -0.733333 0.125 0 0 10000
0.333333 -0.733333 0.125 0 0 10000
0.4 -0.733333 0.125 0 0 10000
0.466667 -0.733333 0.125 0 0 10000
0.533333 -0.733333 0.125 0 0 10000
0.6 -0.733333 0.125 0 0 10000
0.666667 -0.733333 0.125 0 0 10000
0.733333 -0.733333 0.125 0 0 10000
0.8 -0.733333 0.125 0 0 10000
0.866667 -0.733333 0.125 0 0 10000
0.933333 -0.733333 0.125 0 0 10000
1 -0.733333 0.125 1.0941e-31 0 10000

-1 -0.666667 0.125 0 -0 10000
-0.933333 -0.666667 0.125 0 0 10000
-0.866667 -0.666667 0.125 0 0 10000
-0.8 -0.666667 0.125 0 0 10000
-0.733333 -0.666667 0.125 0 0 10000
-0.666667 -0.666667 0.125 0 0 10000
-0.6 -0.666667 0.125 0 0 10000
-0.533333 -0.666667 0.125 0 0 10000
-0.466667 -0.666667 0.125 0 0 10000
-0.4 -0.666667 0.125 -0.000513241 -0.000668248 10000
-0.333333 -0.666667 0.125007 -0.0123312 -0.0174038 10000.8
-0.266667 -0.666667 0.125078 -0.131134 -0.197309 10008.9
-0.2 -0.666667 0.125539 -0.96858 -1.49473 10065.5
-0.133333 -0.666667 0.12916 -8.78231 -13.7349 10600.6
-0.0666667 -0.666667 0.167375 -104.914 -140.286 18123.8
0 -0.666667 0.230279 -148.059 -258.172 28299.7
0.0666667 -0.666667 0.152802 -34.2327 -82.7433 14001.9
0.133333 -0.666667 0.130432 -7.31053 -15.8513 10664.1
0.2 -0.666667 0.126105 -1.4188 -3.19568 10128.4
0.266667 -0.666667 0.125127 -0.156331 -0.380019 10014.4
0.333333 -0.666667 0.125007 -0.00933392 -0.0237159 10000.8
0.4 -0.666667 0.125 -0.000294339 -0.000719358 10000
0.466667 -0.666667 0.125 -3.99417e-06 -8.23133e-06 10000
0.533333 -0.666667 0.125 1.15713e-09 1.20479e-09 10000
0.6 -0.666667 0.125 3.23052e-13 -6.08097e-13 10000
0.666667 -0.666667 0.125 0 0 10000
0.733333 -0.666667 0.125 0 0 10000
0.8 -0.666667 0.125 0 0 10000
0.866667 -0.666667 0.125 0 0 10000
0.933333 -0.666667 0.125 0 0 10000
1 -0.666667 0.125 1.0941e-31 0 10000

-1 -0.6 0.125 0 -0 10000
-0.933333 -0.6 0.125 0 0 10000
-0.866667 -0.6 0.125 0 0 10000
-0.8 -0.6 0.125 0 0 10000
-0.733333 -0.6 0.125 0 0 10000
-0.666667 -0.6 0.125 0 0 10000
-0.6 -0.6 0.125 0 0 10000
-0.533333 -0.6 0.125 -0.000653416 -0.000854122 10000
-0.466667 -0.6 0.12501 -0.0169769 -0.0239843 10001.1
-0.4 -0.6 0.125114 -0.189644 -0.28506 10013.1
-0.333333 -0.6 0.125708 -1.18292 -1.84871 10082.6
-0.266667 -0.6 0.127693 -4.66207 -7.35608 10318.7
-0.2 -0.6 0.131767 -13.1806 -19.066 10821.7
-0.133333 -0.6 0.146949 -59.4818 -70.0272 13492.7
-0.0666667 -0.6 0.315531 -367.547 -352.2 40909.2
0 -0.6 0.601908 -345.509 -447.371 79291.3
0.0666667 -0.6 0.278854 -189.304 -302.487 30712.5
0.133333 -0.6 0.171064 -76.1073 -118.762 15707.2
0.2 -0.6 0.141298 -26.9785 -46.95 12003.3
0.266667 -0.6 0.12975 -7.17347 -14.0368 10565.2
0.333333 -0.6 0.125972 -1.34801 -2.88207 10113.2
0.4 -0.6 0.125112 -0.147495 -0.342731 10012.8
0.466667 -0.6 0.125007 -0.00892386 -0.0216883 10000.8
0.533333 -0.6 0.125 -0.000286964 -0.000670515 10000
0.6 -0.6 0.125 -3.98689e-06 -7.81176e-06 10000
0.666667 -0.6 0.125 1.15729e-09 1.20436e-09 10000
0.733333 -0.6 0.125 3.14672e-13 -6.20766e-13 10000
0.8 -0.6 0.125 0 0 10000
0.866667 -0.6 0.125 0 0 10000
0.933333 -0.6 0.125 0 0 10000
1 -0.6 0.125 1.0941e-31 0 10000

-1 -0.533333 0.125 0 -0 10000
-0.933333 -0.533333 0.125 0 0 10000
-0.866667 -0.533333 0.125 0 0 10000
-0.8 -0.533333 0.125 0 0 10000
-0.733333 -0.533333 0.125 0 0 10000
-0.666667 -0.533333 0.125 0 0 10000
-0.6 -0.533333 0.125 -0.000597054 -0.00080037 10000
-0.533333 -0.533333 0.125012 -0.0216892 -0.029189 10001.4
-0.466667 -0.533333 0.125186 -0.326072 -0.449897 10021.4
-0.4 -0.533333 0.126491 -2.69668 -3.80328 10176.6
-0.333333 -0.533333 0.132049 -13.2445 -18.9319 10868.3
-0.266667 -0.533333 0.144784 -38.4623 -53.2066 12386.1
-0.2 -0.533333 0.157039 -67.7854 -84.1081 13764.9
-0.133333 -0.533333 0.178384 -146.794 -146.068 17234
-0.0666667 -0.533333 0.402628 -404.475 -329.345 47574.1
0 -0.533333 0.903524 -318.738 -356.59 107973
0.0666667 -0.533333 0.477557 -271.404 -355.373 46942.8
0.133333 -0.533333 0.283492 -240.368 -287.739 25898.7
0.2 -0.533333 0.206907 -142.162 -187.06 19418.1
0.266667 -0.533333 0.159108 -62.4028 -92.5873 14044.6
0.333333 -0.533333 0.134442 -16.3724 -28.196 11115.5
0.4 -0.533333 0.126467 -2.31013 -4.56862 10168.8
0.466667 -0.533333 0.125131 -0.1987 -0.428649 10014.9
0.533333 -0.533333 0.125007 -0.0101946 -0.0227708 10000.7
0.6 -0.533333 0.125 -0.000268191 -0.00064875 10000
0.666667 -0.533333 0.125 -3.33271e-06 -6.7714e-06 10000
0.733333 -0.533333 0.125 1.12322e-09 1.15078e-09 10000
0.8 -0.533333 0.125 3.15133e-13 -6.77775e-13 10000
0.866667 -0.533333 0.125 0 0 10000
0.933333 -0.533333 0.125 0 0 10000
1 -0.533333 0.125 1.0941e-31 0 10000

-1 -0.466667 0.125 0 -0 10000
-0.933333 -0.466667 0.125 0 0 10000
-0.866667 -0.466667 0.125 0 0 10000
-0.8 -0.466667 0.125 0 0 10000
-0.733333 -0.466667 0.125 0 0 10000
-0.666667 -0.466667 0.125 0 0 10000
-0.6 -0.466667 0.125003 -0.00553083 -0.00587892 10000.3
-0.533333 -0.466667 0.125084 -0.165324 -0.185671 10009.7
-0.466667 -0.466667 0.126069 -2.11547 -2.50082 10126.2
-0.4 -0.466667 0.132312 -14.8626 -18.2045 10895.5
-0.333333 -0.466667 0.154446 -60.3491 -73.3129 13769.6
-0.266667 -0.466667 0.189841 -132.98 -152.802 17309.9
-0.2 -0.466667 0.207009 -173.659 -185.668 17461.9
-0.133333 -0.466667 0.211564 -211.392 -200.284 17837.6
-0.0666667 -0.466667 0.426232 -345.128 -248.346 45877.4
0 -0.466667 1.01067 -267.671 -266.228 116056
0.0666667 -0.466667 0.642013 -238.601 -292.358 59541.9
0.133333 -0.466667 0.419203 -284.843 -323.986 33985.7
0.2 -0.466667 0.326779 -280.599 -313.735 26551.3
0.266667 -0.466667 0.237584 -200.66 -234.439 20702.3
0.333333 -0.466667 0.165193 -78.8353 -107.414 14497.5
0.4 -0.466667 0.132603 -14.9095 -24.106 10870.9
0.466667 -0.466667 0.125783 -1.50824 -2.72973 10089.1
0.533333 -0.466667 0.125042 -0.0906011 -0.165525 10004.7
0.6 -0.466667 0.125001 -0.00296425 -0.00487192 10000.1
0.666667 -0.466667 0.125 -4.70595e-05 -5.15071e-05 10000
0.733333 -0.466667 0.125 3.52954e-09 3.49816e-09 10000
0.8 -0.466667 0.125 6.6669e-13 -8.48297e-14 10000
0.866667 -0.466667 0.125 0 2.07772e-19 10000
0.933333 -0.466667 0.125 0 0 10000
1 -0.466667 0.125 1.0941e-31 0 10000

-1 -0.4 0.125 0 -0 10000
-0.933333 -0.4 0.125 0 0 10000
-0.866667 -0.4 0.125 0 0 10000
-0.8 -0.4 0.125 0 0 10000
-0.733333 -0.4 0.125 0 0 10000
-0.666667 -0.4 0.125 -0.00060733 -0.000813835 10000
-0.6 -0.4 0.125019 -0.0363663 -0.0397749 10002.1
-0.533333 -0.4 0.125373 -0.753751 -0.792967 10043.2
-0.466667 -0.4 0.128756 -7.91714 -8.42383 10450.2
-0.4 -0.4 0.146255 -45.2999 -48.8642 12635.2
-0.333333 -0.4 0.195771 -137.446 -147.603 18330.7
-0.266667 -0.4 0.247909 -214.197 -225.178 20394
-0.2 -0.4 0.258619 -238.77 -249.875 18714.6
-0.133333 -0.4 0.249449 -233.18 -232.533 17803.1
-0.0666667 -0.4 0.419444 -259.359 -176.714 39774.1
0 -0.4 0.929428 -196.528 -172.54 99839.3
0.0666667 -0.4 0.744954 -188.849 -220.449 67751.9
0.133333 -0.4 0.56151 -227.637 -262.168 46419.9
0.2 -0.4 0.442633 -264.317 -302.569 34485.7
0.266667 -0.4 0.34303 -271.436 -305.789 25581.4
0.333333 -0.4 0.227611 -186.897 -217.085 19142.5
0.4 -0.4 0.150084 -55.6565 -75.6269 12735.9
0.466667 -0.4 0.128101 -7.03093 -11.214 10346.8
0.533333 -0.4 0.125208 -0.521792 -0.87316 10023.2
0.6 -0.4 0.125007 -0.0227431 -0.0362521 10000.8
0.666667 -0.4 0.125 -0.000505924 -0.000759776 10000
0.733333 -0.4 0.125 -3.2781e-06 -6.50214e-06 10000
0.8 -0.4 0.125 1.12299e-09 1.15154e-09 10000
0.866667 -0.4 0.125 3.1355e-13 -6.7144e-13 10000
0.933333 -0.4 0.125 0 0 10000
1 -0.4 0.125 1.0941e-31 0 10000

-1 -0.333333 0.125 0 -0 10000
-0.933333 -0.333333 0.125 0 0 10000
-0.866667 -0.333333 0.125 0 0 10000
-0.8 -0.333333 0.125 0 0 10000
-0.733333 -0.333333 0.125 0 0 10000
-0.666667 -0.333333 0.125003 -0.00514835 -0.00561917 10000.3
-0.6 -0.333333 0.12509 -0.176656 -0.187493 10010.3
-0.533333 -0.333333 0.126297 -2.61687 -2.73958 10152.5
-0.466667 -0.333333 0.135105 -21.024 -21.7775 11226.1
-0.4 -0.333333 0.169845 -88.8831 -91.1395 15500.2
-0.333333 -0.333333 0.240694 -188.18 -191.758 21541.6
-0.266667 -0.333333 0.302955 -227.417 -239.347 23020.3
-0.2 -0.333333 0.326664 -228.362 -249.197 22676.9
-0.133333 -0.333333 0.322382 -209.004 -229.653 22329.9
-0.0666667 -0.333333 0.449394 -179.748 -142.315 38815.1
0 -0.333333 0.873881 -119.684 -98.8496 87197.7
0.0666667 -0.333333 0.795602 -123.865 -143.14 73394.5
0.133333 -0.333333 0.693838 -160.292 -185.578 60231.2
0.2 -0.333333 0.58886 -193.709 -227.297 48669.6
0.266667 -0.333333 0.457391 -227.663 -270.798 35776.1
0.333333 -0.333333 0.315227 -239.61 -282.928 23873.4
0.4 -0.333333 0.188794 -138.724 -163.844 15957.5
0.466667 -0.333333 0.13515 -24.6375 -35.5862 11100.5
0.533333 -0.333333 0.125825 -2.25276 -3.51751 10090.9
0.6 -0.333333 0.125036 -0.121319 -0.184977 10004
0.666667 -0.333333 0.125001 -0.00347835 -0.00487461 10000.1
0.733333 -0.333333 0.125 -4.11164e-05 -4.76578e-05 10000
0.8 -0.333333 0.125 3.52921e-09 3.49964e-09 10000
0.866667 -0.333333 0.125 6.63523e-13 -9.11641e-14 10000
0.933333 -0.333333 0.125 0 2.07772e-19 10000
1 -0.333333 0.125 1.0941e-31 0 10000

-1 -0.266667 0.125 0 -0 10000
-0.933333 -0.266667 0.125 0 0 10000
-0.866667 -0.266667 0.125 0 0 10000
-0.8 -0.266667 0.125 0 0 10000
-0.733333 -0.266667 0.125 0 0 10000
-0.666667 -0.266667 0.12501 -0.0223561 -0.0186322 10001.1
-0.6 -0.266667 0.125286 -0.639673 -0.570804 10033.2
-0.533333 -0.266667 0.128446 -7.82028 -7.31041 10416
-0.466667 -0.266667 0.146897 -47.6673 -46.2438 12705.9
-0.4 -0.266667 0.202727 -138.528 -137.55 18907.3
-0.333333 -0.266667 0.288235 -201.583 -202.183 24492.6
-0.266667 -0.266667 0.381716 -192.636 -206.853 29723.4
-0.2 -0.266667 0.452849 -167.601 -196.25 33733
-0.133333 -0.266667 0.47193 -143.862 -177.182 35222.6
-0.0666667 -0.266667 0.551125 -116.82 -114.064 46414.7
0 -0.266667 0.867044 -65.7853 -55.9501 84743.7
0.0666667 -0.266667 0.870415 -58.4746 -70.3915 82559.1
0.133333 -0.266667 0.799401 -84.4608 -104.975 73591.5
0.2 -0.266667 0.72853 -120.995 -148.494 64668.6
0.266667 -0.266667 0.618059 -156.372 -194.123 52775
0.333333 -0.266667 0.435501 -192.098 -247.263 35469
0.4 -0.266667 0.252146 -193.954 -241.875 20061.8
0.466667 -0.266667 0.151432 -68.6023 -86.0144 12623.9
0.533333 -0.266667 0.127315 -7.21202 -10.178 10246.1
0.6 -0.266667 0.125106 -0.448934 -0.630222 10011.3
0.666667 -0.266667 0.125002 -0.0159284 -0.0189366 10000.2
0.733333 -0.266667 0.125 -0.000253465 -0.000195751 10000
0.8 -0.266667 0.125 4.88786e-09 5.18232e-09 10000
0.866667 -0.266667 0.125 4.33903e-13 6.107e-13 10000
0.933333 -0.266667 0.125 0 3.01669e-20 10000
1 -0.266667 0.125 1.0941e-31 0 10000

-1 -0.2 0.125 0 -0 10000
-0.933333 -0.2 0.125 0 0 10000
-0.866667 -0.2 0.125 0 0 10000
-0.8 -0.2 0.125 0 0 10000
-0.733333 -0.2 0.125 0 0 10000
-0.666667 -0.2 0.125019 -0.0442946 -0.0259004 10002.1
-0.6 -0.2 0.125521 -1.19717 -0.813087 10060.8
-0.533333 -0.2 0.130842 -13.2231 -10.2491 10702.7
-0.466667 -0.2 0.158557 -66.8486 -58.3762 14005.6
-0.4 -0.2 0.234598 -159.928 -153.217 21234.7
-0.333333 -0.2 0.346596 -180.989 -182.726 29132.4
-0.266667 -0.2 0.504084 -143.165 -156.323 41366.8
-0.2 -0.2 0.627736 -107.356 -131.566 52654.4
-0.133333 -0.2 0.677653 -81.6692 -112.607 58092.9
-0.0666667 -0.2 0.729388 -59.2775 -77.9429 64907.5
0 -0.2 0.915733 -28.7512 -27.991 89424.5
0.0666667 -0.2 0.941922 -19.5472 -27.1252 91813.3
0.133333 -0.2 0.909151 -28.8827 -41.2223 87871.2
0.2 -0.2 0.849426 -54.9836 -73.3271 80396.6
0.266667 -0.2 0.772385 -90.1076 -117.443 70946.2
0.333333 -0.2 0.608682 -128.122 -172.566 54044.8
0.4 -0.2 0.343395 -155.978 -220.161 28888.5
0.466667 -0.2 0.174677 -112.926 -141.741 14245.5
0.533333 -0.2 0.129956 -16.9346 -22.376 10495.5
0.6 -0.2 0.125234 -1.32107 -1.65599 10023.8
0.666667 -0.2 0.125001 -0.0557391 -0.0558493 10000
0.733333 -0.2 0.125 -0.00100871 -0.000672118 9999.98
0.8 -0.2 0.125 5.01928e-09 5.26606e-09 10000
0.866667 -0.2 0.125 1.37772e-13 7.00543e-14 10000
0.933333 -0.2 0.125 0 0 10000
1 -0.2 0.125 1.0941e-31 0 10000

-1 -0.133333 0.125 0 -0 10000
-0.933333 -0.133333 0.125 0 0 10000
-0.866667 -0.133333 0.125 0 0 10000
-0.8 -0.133333 0.125 0 0 10000
-0.733333 -0.133333 0.125 0 0 10000
-0.666667 -0.133333 0.125023 -0.0526211 -0.0189439 10002.7
-0.6 -0.133333 0.125654 -1.38953 -0.659288 10076.1
-0.533333 -0.133333 0.132322 -14.6131 -9.01739 10854.7
-0.466667 -0.133333 0.16757 -66.8722 -52.0021 14753.5
-0.4 -0.133333 0.267063 -145.88 -135.468 23582.8
-0.333333 -0.133333 0.435237 -140.947 -141.927 37038.7
-0.266667 -0.133333 0.645511 -96.0706 -104.446 56544.9
-0.2 -0.133333 0.785947 -56.0134 -68.723 72324
-0.133333 -0.133333 0.85151 -34.2344 -49.8609 80391.3
-0.0666667 -0.133333 0.895045 -20.9984 -33.1813 85558.4
0 -0.133333 0.972218 -8.15118 -10.0847 95833
0.0666667 -0.133333 0.983705 -4.28136 -6.78573 97788.4
0.133333 -0.133333 0.972944 -7.10372 -11.4331 96409.4
0.2 -0.133333 0.94394 -16.1205 -24.4801 92699
0.266667 -0.133333 0.887017 -37.4936 -52.5346 85713.3
0.333333 -0.133333 0.757777 -71.2132 -100.674 71029.1
0.4 -0.133333 0.472401 -98.9671 -152.475 41903.2
0.466667 -0.133333 0.204036 -109.383 -152.855 16431.1
0.533333 -0.133333 0.13408 -25.3852 -36.5145 10853.2
0.6 -0.133333 0.12549 -2.42963 -3.46406 10048.2
0.666667 -0.133333 0.125005 -0.123094 -0.152408 10000.4
0.733333 -0.133333 0.125 -0.0027757 -0.00242811 9999.96
0.8 -0.133333 0.125 5.08193e-09 5.32559e-09 10000
0.866667 -0.133333 0.125 6.33434e-14 6.0741e-14 10000
0.933333 -0.133333 0.125 0 0 10000
1 -0.133333 0.125 1.0941e-31 0 10000

-1 -0.0666667 0.125 0 -0 10000
-0.933333 -0.0666667 0.125 0 0 10000
-0.866667 -0.0666667 0.125 0 0 10000
-0.8 -0.0666667 0.125 0 0 10000
-0.733333 -0.0666667 0.125 0 0 10000
-0.666667 -0.0666667 0.125022 -0.0458041 -0.00698923 10002.5
-0.6 -0.0666667 0.125625 -1.20171 -0.346578 10072
-0.533333 -0.0666667 0.132244 -12.4877 -5.65994 10822.2
-0.466667 -0.0666667 0.169439 -55.5224 -35.5463 14761.3
-0.4 -0.0666667 0.287337 -115.326 -96.2163 25040
-0.333333 -0.0666667 0.524159 -101.74 -94.0316 45842.7
-0.266667 -0.0666667 0.765681 -57.326 -58.5813 70716.1
-0.2 -0.0666667 0.900074 -23.475 -27.781 86919.2
-0.133333 -0.0666667 0.954865 -8.72216 -13.7191 93943.1
-0.0666667 -0.0666667 0.976046 -3.97954 -7.46647 96751
0 -0.0666667 0.994768 -1.29078 -1.82688 99284.1
0.0666667 -0.0666667 0.997735 -0.475294 -0.89737 99691.5
0.133333 -0.0666667 0.995194 -1.0419 -1.9246 99358.2
0.2 -0.0666667 0.985224 -3.29404 -5.56637 98054.9
0.266667 -0.0666667 0.952569 -9.62353 -15.2477 94079.9
0.333333 -0.0666667 0.842277 -27.8773 -42.89 81230.1
0.4 -0.0666667 0.560626 -53.969 -92.1008 50585.1
0.466667 -0.0666667 0.251107 -68.1228 -116.414 20830.6
0.533333 -0.0666667 0.142043 -22.9783 -42.4846 11569
0.6 -0.0666667 0.126047 -2.57581 -5.01421 10104.1
0.666667 -0.0666667 0.125023 -0.145083 -0.26489 10002.4
0.733333 -0.0666667 0.125 -0.00351363 -0.00530158 9999.98
0.8 -0.0666667 0.125 5.07223e-09 5.31499e-09 10000
0.866667 -0.0666667 0.125 1.26687e-14 1.47755e-14 10000
0.933333 -0.0666667 0.125 0 0 10000
1 -0.0666667 0.125 1.0941e-31 0 10000

-1 0 0.125 0 -0 10000
-0.933333 0 0.125 0 0 10000
-0.866667 0 0.125 0 0 10000
-0.8 0 0.125 0 0 10000
-0.733333 0 0.125 0 0 10000
-0.666667 0 0.125015 -0.0241913 0.0116229 10001.7
-0.6 0 0.125472 -0.64501 0.2045 10053.3
-0.533333 0 0.130977 -6.55079 0.731536 10657.5
-0.466667 0 0.165006 -28.6966 -4.18987 14165.3
-0.4 0 0.287519 -63.3082 -34.0603 25058.3
-0.333333 0 0.566813 -59.2976 -40.9982 51026.5
-0.266667 0 0.83933 -28.2119 -24.9793 79921.5
-0.2 0 0.95502 -9.8795 -10.17 94042.9
-0.133333 0 0.989848 -2.14634 -2.7825 98614.6
-0.0666667 0 0.997171 -0.474491 -0.89142 99612.4
0 0 0.999602 -0.0899856 -0.137399 99945.4
0.0666667 0 0.999886 -0.0102971 -0.0273423 99984.5
0.133333 0 0.999181 0.035295 -0.0470834 99889.8
0.2 0 0.994005 0.443727 0.0246201 99213.6
0.266667 0 0.966423 1.85522 0.00646071 95763.1
0.333333 0 0.859495 1.78262 -5.8385 83142.6
0.4 0 0.582455 -1.70071 -28.0296 53022.2
0.466667 0 0.285053 -11.03 -51.0966 24465.9
0.533333 0 0.152134 -7.35175 -32.3783 12652.4
0.6 0 0.127378 -0.570729 -4.97285 10251.5
0.666667 0 0.125102 -0.0167822 -0.318871 10011.5
0.733333 0 0.125002 0.000101445 -0.00746276 10000.2
0.8 0 0.125 4.98345e-09 5.26985e-09 10000
0.866667 0 0.125 3.16717e-15 6.33434e-15 10000
0.933333 0 0.125 0 0 10000
1 0 0.125 1.0941e-31 0 10000

-1 0.0666667 0.125 0 -0 10000
-0.933333 0.0666667 0.125 0 0 10000
-0.866667 0.0666667 0.125 0 0 10000
-0.8 0.0666667 0.125 0 0 10000
-0.733333 0.0666667 0.125 0 0 10000
-0.666667 0.0666667 0.125006 0.00139882 0.0231003 10000.7
-0.6 0.0666667 0.125255 0.0270933 0.637965 10027.7
-0.533333 0.0666667 0.12914 0.524986 6.62842 10427.4
-0.466667 0.0666667 0.158729 4.02661 28.6565 13298
-0.4 0.0666667 0.275807 8.044 46.3212 23778.6
-0.333333 0.0666667 0.569277 -3.24872 24.4875 51818.9
-0.266667 0.0666667 0.864104 -2.76904 5.13032 83508.9
-0.2 0.0666667 0.971927 -1.17714 0.308893 96410.6
-0.133333 0.0666667 0.995963 -0.122338 0.130739 99473.3
-0.0666667 0.0666667 0.999654 0.0149224 0.0171631 99955.8
0 0.0666667 0.999842 0.0324792 0.0476383 99978.8
0.0666667 0.0666667 0.999174 0.161335 0.271634 99887.2
0.133333 0.0666667 0.996696 0.706874 1.04213 99553.7
0.2 0.0666667 0.987281 2.9175 3.43674 98296.8
0.266667 0.0666667 0.949748 10.6023 10.5983 93510.9
0.333333 0.0666667 0.834916 27.1764 23.9346 79815.4
0.4 0.0666667 0.576288 55.287 37.6199 52057.3
0.466667 0.0666667 0.293496 59.7383 28.7585 25491.6
0.533333 0.0666667 0.158943 25.8605 -0.536013 13586.1
0.6 0.0666667 0.129007 4.55046 -1.62438 10450.7
0.666667 0.0666667 0.12523 0.333134 -0.185616 10026.5
0.733333 0.0666667 0.125005 0.00963175 -0.00532202 10000.6
0.8 0.0666667 0.125 3.6594e-09 4.02596e-09 10000
0.866667 0.0666667 0.125 0 0 10000
0.933333 0.0666667 0.125 0 0 10000
1 0.0666667 0.125 1.0941e-31 0 10000

-1 0.133333 0.125 0 -0 10000
-0.933333 0.133333 0.125 0 0 10000
-0.866667 0.133333 0.125 0 0 10000
-0.8 0.133333 0.125 0 0 10000
-0.733333 0.133333 0.125 0 0 10000
-0.666667 0.133333 0.125 0.0127564 0.0190904 10000
-0.6 0.133333 0.125084 0.349186 0.636078 10008.4
-0.533333 0.133333 0.127246 4.2363 8.09418 10217.5
-0.466667 0.133333 0.148552 24.7747 45.287 12186.9
-0.4 0.133333 0.25158 70.5799 112.702 21005.3
-0.333333 0.133333 0.551398 53.0732 90.9376 49865.6
-0.266667 0.133333 0.846133 26.9902 41.9133 81799
-0.2 0.133333 0.95987 10.3227 14.9097 95054.7
-0.133333 0.133333 0.989414 3.28364 4.73136 98641.7
-0.0666667 0.133333 0.996719 1.24646 1.57498 99578.8
0 0.133333 0.991851 1.31323 2.71002 98903.8
0.0666667 0.133333 0.989095 1.87813 3.5795 98525.9
0.133333 0.133333 0.979923 4.10403 6.42526 97309.9
0.2 0.133333 0.956883 9.49723 12.8219 94300.2
0.266667 0.133333 0.899988 23.2354 26.4901 87178.3
0.333333 0.133333 0.770921 54.5308 54.816 71933.8
0.4 0.133333 0.54139 100.977 90.7555 47803.2
0.466667 0.133333 0.29405 118.071 96.8838 25376.5
0.533333 0.133333 0.164955 57.1495 35.1027 14386.3
0.6 0.133333 0.130269 9.63411 3.31667 10616.7
0.666667 0.133333 0.125335 0.677497 0.0953074 10039
0.733333 0.133333 0.125008 0.0186352 0.000801182 10000.9
0.8 0.133333 0.125 1.20865e-09 1.61369e-09 10000
0.866667 0.133333 0.125 0 0 10000
0.933333 0.133333 0.125 0 0 10000
1 0.133333 0.125 1.0941e-31 0 10000

-1 0.2 0.125 0 -0 10000
-0.933333 0.2 0.125 0 0 10000
-0.866667 0.2 0.125 0 0 10000
-0.8 0.2 0.125 0 0 10000
-0.733333 0.2 0.125 0 0 10000
-0.666667 0.2 0.125 0.0102958 0.0109891 9999.95
-0.6 0.2 0.125032 0.320899 0.425014 10003.1
-0.533333 0.2 0.126099 4.40119 6.36736 10109.7
-0.466667 0.2 0.138303 30.4779 44.1497 11251.3
-0.4 0.2 0.213263 106.956 147.12 17362.9
-0.333333 0.2 0.480906 98.822 148.975 42892.6
-0.266667 0.2 0.769009 69.627 97.7747 72651.8
-0.2 0.2 0.908606 33.5968 45.8309 88798.3
-0.133333 0.2 0.963485 14.1762 19.209 95396.1
-0.0666667 0.2 0.982039 8.09932 9.1849 97661.7
0 0.2 0.948723 9.07545 15.9652 93287.2
0.0666667 0.2 0.942808 10.0931 18.1257 92488.6
0.133333 0.2 0.924677 15.9377 23.8963 90159.6
0.2 0.2 0.879805 28.5779 37.93 84486.4
0.266667 0.2 0.801956 50.8046 60.4763 74965.5
0.333333 0.2 0.669111 90.5616 96.6884 59682.3
0.4 0.2 0.462074 138.387 138.117 39779.4
0.466667 0.2 0.273877 150.117 137.795 23975.2
0.533333 0.2 0.165044 68.3127 51.4522 14570.4
0.6 0.2 0.130531 11.428 6.15929 10660.2
0.666667 0.2 0.125361 0.788948 0.294894 10042.1
0.733333 0.2 0.125009 0.0211807 0.00548216 10001
0.8 0.2 0.125 4.40554e-12 5.46654e-12 10000
0.866667 0.2 0.125 0 0 10000
0.933333 0.2 0.125 0 0 10000
1 0.2 0.125 1.0941e-31 0 10000

-1 0.266667 0.125 0 -0 10000
-0.933333 0.266667 0.125 0 0 10000
-0.866667 0.266667 0.125 0 0 10000
-0.8 0.266667 0.125 0 0 10000
-0.733333 0.266667 0.125 0 0 10000
-0.666667 0.266667 0.125 0.00424795 0.00363961 9999.99
-0.6 0.266667 0.125019 0.166892 0.191287 10002
-0.533333 0.266667 0.125613 2.72347 3.60191 10065.6
-0.466667 0.266667 0.132739 23.8823 32.2748 10780.9
-0.4 0.266667 0.182078 111.91 142.114 14953.8
-0.333333 0.266667 0.358503 150.19 211.31 30687
-0.266667 0.266667 0.636183 124.193 166.534 57550
-0.2 0.266667 0.806661 81.9465 106.474 75747.1
-0.133333 0.266667 0.909473 41.6131 53.4806 88253.2
-0.0666667 0.266667 0.946985 29.9636 29.737 93738.3
0 0.266667 0.834523 36.367 52.6398 77727.7
0.0666667 0.266667 0.824284 37.8651 59.1596 77132
0.133333 0.266667 0.804885 49.3161 66.7848 74833.6
0.2 0.266667 0.744048 72.346 90.8066 66643.8
0.266667 0.266667 0.662821 100.337 119.423 57105.6
0.333333 0.266667 0.538653 136.76 149.921 44984.9
0.4 0.266667 0.36795 176.834 178.57 31112.5
0.466667 0.266667 0.238835 165.372 156.779 21722.9
0.533333 0.266667 0.157937 66.417 55.9414 14027.8
0.6 0.266667 0.129599 10.4778 7.23878 10555.8
0.666667 0.266667 0.1253 0.697347 0.39284 10034.9
0.733333 0.266667 0.125008 0.0184371 0.00828312 10000.9
0.8 0.266667 0.125 0 0 10000
0.866667 0.266667 0.125 0 0 10000
0.933333 0.266667 0.125 0 0 10000
1 0.266667 0.125 1.0941e-31 0 10000

-1 0.333333 0.125 0 -0 10000
-0.933333 0.333333 0.125 0 0 10000
-0.866667 0.333333 0.125 0 0 10000
-0.8 0.333333 0.125 0 0 10000
-0.733333 0.333333 0.125 0 0 10000
-0.666667 0.333333 0.125 0.000895961 0.00112019 10000
-0.6 0.333333 0.125011 0.0464343 0.0650207 10001.2
-0.533333 0.333333 0.125296 1.00275 1.45662 10032.9
-0.466667 0.333333 0.129045 11.8948 16.6759 10440.1
-0.4 0.333333 0.157001 74.3488 95.5395 13187.6
-0.333333 0.333333 0.260433 190.383 239.318 21205.2
-0.266667 0.333333 0.465404 185.007 241.661 39016.1
-0.2 0.333333 0.680063 148.453 183.536 59928.4
-0.133333 0.333333 0.829883 97.667 117.525 78280.1
-0.0666667 0.333333 0.917639 74.9892 66.6464 91490.9
0 0.333333 0.655415 94.5124 103.975 57921.8
0.0666667 0.333333 0.633144 90.4472 128.858 53490
0.133333 0.333333 0.63449 105.351 135.719 53347.9
0.2 0.333333 0.579251 134.37 157.404 46702.9
0.266667 0.333333 0.509643 162.927 183.602 39371
0.333333 0.333333 0.411616 189.231 203.461 32280.1
0.4 0.333333 0.299185 203.889 204.126 25508.8
0.466667 0.333333 0.206232 146.806 143.609 19551.3
0.533333 0.333333 0.146309 46.8347 44.8727 12736.8
0.6 0.333333 0.127728 6.16721 5.50838 10329.4
0.666667 0.333333 0.125168 0.378542 0.308665 10019.4
0.733333 0.333333 0.125004 0.0096586 0.0070503 10000.5
0.8 0.333333 0.125 0 0 10000
0.866667 0.333333 0.125 0 0 10000
0.933333 0.333333 0.125 0 0 10000
1 0.333333 0.125 1.0941e-31 0 10000

-1 0.4 0.125 0 -0 10000
-0.933333 0.4 0.125 0 0 10000
-0.866667 0.4 0.125 0 0 10000
-0.8 0.4 0.125 0 0 10000
-0.733333 0.4 0.125 0 0 10000
-0.666667 0.4 0.125 0.000122408 0.000250765 10000
-0.6 0.4 0.125004 0.0095883 0.0162358 10000.4
-0.533333 0.4 0.125098 0.259791 0.427024 10011.1
-0.466667 0.4 0.126496 3.64772 5.8488 10168.4
-0.4 0.4 0.137906 29.3284 43.0765 11421.4
-0.333333 0.4 0.1961 145.153 173.072 16714.4
-0.266667 0.4 0.334049 235.488 282.438 25954.4
-0.2 0.4 0.529504 214.213 260.543 43403.9
-0.133333 0.4 0.769015 165.771 197.442 70999
-0.0666667 0.4 0.92846 145.804 126.946 96309
0 0.4 0.505771 186.394 158.819 44881.2
0.0666667 0.4 0.421863 164.799 204.42 30356.1
0.133333 0.4 0.449181 173.835 208.991 32429.2
0.2 0.4 0.418141 197.114 221.317 30836
0.266667 0.4 0.376564 222.835 239.052 27587.7
0.333333 0.4 0.323106 232.066 241.442 24674.9
0.4 0.4 0.24923 198.804 201.4 22325.4
0.466667 0.4 0.172178 95.3135 97.4529 16168.2
0.533333 0.4 0.134035 19.2342 19.8776 11131.8
0.6 0.4 0.12589 1.76645 1.88314 10104.7
0.666667 0.4 0.125046 0.0890824 0.0974072 10005.2
0.733333 0.4 0.125001 0.00191998 0.00220557 10000.1
0.8 0.4 0.125 0 0 10000
0.866667 0.4 0.125 0 0 10000
0.933333 0.4 0.125 0 0 10000
1 0.4 0.125 1.0941e-31 0 10000

-1 0.466667 0.125 0 -0 10000
-0.933333 0.466667 0.125 0 0 10000
-0.866667 0.466667 0.125 0 0 10000
-0.8 0.466667 0.125 0 0 10000
-0.733333 0.466667 0.125 0 0 10000
-0.666667 0.466667 0.125 7.50935e-06 2.94057e-05 10000
-0.6 0.466667 0.125001 0.00129328 0.00241877 10000.1
-0.533333 0.466667 0.125021 0.0483006 0.0862385 10002.4
-0.466667 0.466667 0.125403 0.864841 1.52175 10046.1
-0.4 0.466667 0.129297 9.07969 14.7821 10491.2
-0.333333 0.466667 0.152833 57.5288 81.0573 13099.8
-0.266667 0.466667 0.238464 192.228 225.816 20531.8
-0.2 0.466667 0.393093 264.851 309.996 30932
-0.133333 0.466667 0.682062 216.098 265.688 62924.1
-0.0666667 0.466667 0.963564 224.213 215.204 105501
0 0.466667 0.434729 289.439 215.324 41231.5
0.0666667 0.466667 0.28078 244.04 265.826 18154.2
0.133333 0.466667 0.314213 240.987 266.378 20347.4
0.2 0.466667 0.31516 248.631 263.85 21889.7
0.266667 0.466667 0.295091 256.336 266.279 21715.7
0.333333 0.466667 0.26152 234.623 239.96 21785.4
0.4 0.466667 0.202929 151.94 160.49 19355.2
0.466667 0.466667 0.146077 45.0563 48.1772 12730.2
0.533333 0.466667 0.12782 5.84803 6.11596 10338
0.6 0.466667 0.125199 0.391129 0.410125 10022.8
0.666667 0.466667 0.125007 0.0131169 0.0148174 10000.8
0.733333 0.466667 0.125 0.000153852 0.000226463 10000
0.8 0.466667 0.125 0 0 10000
0.866667 0.466667 0.125 0 0 10000
0.933333 0.466667 0.125 0 0 10000
1 0.466667 0.125 1.0941e-31 0 10000

-1 0.533333 0.125 0 -0 10000
-0.933333 0.533333 0.125 0 0 10000
-0.866667 0.533333 0.125 0 0 10000
-0.8 0.533333 0.125 0 0 10000
-0.733333 0.533333 0.125 0 0 10000
-0.666667 0.533333 0.125 0 0 10000
-0.6 0.533333 0.125 0.00012069 0.000248869 10000
-0.533333 0.533333 0.125004 0.00687405 0.01396 10000.4
-0.466667 0.533333 0.125092 0.154194 0.315034 10010.5
-0.4 0.533333 0.126157 1.96204 3.76833 10134
-0.333333 0.533333 0.133591 15.6058 26.7947 11012.1
-0.266667 0.533333 0.169755 82.2127 118.447 15276.9
-0.2 0.533333 0.270204 221.253 269.895 24461
-0.133333 0.533333 0.521182 251.121 327.193 50274.6
-0.0666667 0.533333 0.946047 285.149 301.286 109000
0 0.533333 0.404583 374.483 289.583 43515.1
0.0666667 0.533333 0.216355 266.54 262.939 15114.5
0.133333 0.533333 0.243018 250.569 262.369 16804.6
0.2 0.533333 0.252481 240.047 248.867 19482.7
0.266667 0.533333 0.237171 217.044 226.229 20340.2
0.333333 0.533333 0.202313 161.352 180.323 19390.3
0.4 0.533333 0.1579 69.4557 83.9565 14493.2
0.466667 0.533333 0.131736 13.4892 16.8153 10838.8
0.533333 0.533333 0.125711 1.37643 1.63326 10083.5
0.6 0.533333 0.125039 0.0745595 0.0832758 10004.4
0.666667 0.533333 0.125001 0.00169226 0.00178437 10000.1
0.733333 0.533333 0.125 0 0 10000
0.8 0.533333 0.125 0 0 10000
0.866667 0.533333 0.125 0 0 10000
0.933333 0.533333 0.125 0 0 10000
1 0.533333 0.125 1.0941e-31 0 10000

-1 0.6 0.125 0 -0 10000
-0.933333 0.6 0.125 0 0 10000
-0.866667 0.6 0.125 0 0 10000
-0.8 0.6 0.125 0 0 10000
-0.733333 0.6 0.125 0 0 10000
-0.666667 0.6 0.125 0 0 10000
-0.6 0.6 0.125 7.6297e-06 3.06695e-05 10000
-0.533333 0.6 0.125001 0.000574593 0.0016134 10000.1
-0.466667 0.6 0.125013 0.0152225 0.0401963 10001.5
-0.4 0.6 0.125183 0.2276 0.556269 10021
-0.333333 0.6 0.12661 2.17465 4.89218 10189.1
-0.266667 0.6 0.135077 15.5701 30.2641 11235.6
-0.2 0.6 0.171115 74.6617 123.189 15830.8
-0.133333 0.6 0.332051 217.759 328.529 35730.5
-0.0666667 0.6 0.725325 314.41 381.945 87979.3
0 0.6 0.345007 381.912 332.649 39878.6
0.0666667 0.6 0.184777 183.894 183.1 15910.8
0.133333 0.6 0.194432 167.237 181.611 16356.4
0.2 0.6 0.192843 145.98 167.491 17557
0.266667 0.6 0.171798 95.4275 120.668 16190.8
0.333333 0.6 0.14801 43.8336 63.2831 13070.9
0.4 0.6 0.131693 11.7956 18.3092 10846.2
0.466667 0.6 0.12609 1.79271 2.80603 10129.6
0.533333 0.6 0.1251 0.159652 0.245172 10011.4
0.6 0.6 0.125005 0.0076951 0.0115155 10000.5
0.666667 0.6 0.125 0.000153537 0.000226052 10000
0.733333 0.6 0.125 0 0 10000
0.8 0.6 0.125 0 0 10000
0.866667 0.6 0.125 0 0 10000
0.933333 0.6 0.125 0 0 10000
1 0.6 0.125 1.0941e-31 0 10000

-1 0.666667 0.125 0 -0 10000
-0.933333 0.666667 0.125 0 0 10000
-0.866667 0.666667 0.125 0 0 10000
-0.8 0.666667 0.125 0 0 10000
-0.733333 0.666667 0.125 0 0 10000
-0.666667 0.666667 0.125 0 0 10000
-0.6 0.666667 0.125 0 0 10000
-0.533333 0.666667 0.125 7.33942e-06 2.2925e-05 10000
-0.466667 0.666667 0.125 0.000387409 0.00118877 10000
-0.4 0.666667 0.125009 0.00874378 0.0256094 10001
-0.333333 0.666667 0.125108 0.113157 0.313597 10012.3
-0.266667 0.666667 0.125903 1.01294 2.66375 10106.6
-0.2 0.666667 0.131456 7.95067 19.5799 10804.9
-0.133333 0.666667 0.178168 59.9842 139.164 17466
-0.0666667 0.666667 0.366608 259.428 383.717 47503.5
0 0.666667 0.230667 250.467 271.641 28208
0.0666667 0.666667 0.147632 54.8041 71.918 13097.9
0.133333 0.666667 0.147472 46.5342 64.4827 12685.9
0.2 0.666667 0.142939 33.3722 49.914 12218.8
0.266667 0.666667 0.133027 13.5385 22.2957 11002
0.333333 0.666667 0.127303 3.55618 6.25675 10275.3
0.4 0.666667 0.125434 0.641292 1.13195 10050.3
0.466667 0.666667 0.125047 0.0703171 0.118365 10005.4
0.533333 0.666667 0.125003 0.00417429 0.00660275 10000.3
0.6 0.666667 0.125 0.000104597 0.000153986 10000
0.666667 0.666667 0.125 0 0 10000
0.733333 0.666667 0.125 0 0 10000
0.8 0.666667 0.125 0 0 10000
0.866667 0.666667 0.125 0 0 10000
0.933333 0.666667 0.125 0 0 10000
1 0.666667 0.125 1.0941e-31 0 10000

-1 0.733333 0.125 0 -0 10000
-0.933333 0.733333 0.125 0 0 10000
-0.866667 0.733333 0.125 0 0 10000
-0.8 0.733333 0.125 0 0 10000
-0.733333 0.733333 0.125 0 0 10000
-0.666667 0.733333 0.125 0 0 10000
-0.6 0.733333 0.125 0 0 10000
-0.533333 0.733333 0.125 0 0 10000
-0.466667 0.733333 0.125 0 0 10000
-0.4 0.733333 0.125 8.59597e-06 2.88315e-05 10000
-0.333333 0.733333 0.125001 0.000514002 0.00172122 10000.1
-0.266667 0.733333 0.125017 0.0144231 0.0487751 10001.9
-0.2 0.733333 0.125312 0.253009 0.921823 10037.1
-0.133333 0.733333 0.129146 3.19216 12.1618 10526.8
-0.0666667 0.733333 0.142437 22.3917 50.1416 12432.9
0 0.733333 0.132143 14.4571 22.6956 10993.1
0.0666667 0.733333 0.127634 4.34616 7.97239 10321.6
0.133333 0.733333 0.127559 3.81433 7.37836 10302.3
0.2 0.733333 0.12658 2.28666 4.37364 10185.2
0.266667 0.733333 0.125355 0.51032 0.92281 10040.7
0.333333 0.733333 0.12504 0.0587812 0.0994004 10004.5
0.4 0.733333 0.125002 0.00355991 0.00564373 10000.3
0.466667 0.733333 0.125 9.18566e-05 0.000135326 10000
0.533333 0.733333 0.125 0 0 10000
0.6 0.733333 0.125 0 0 10000
0.666667 0.733333 0.125 0 0 10000
0.733333 0.733333 0.125 0 0 10000
0.8 0.733333 0.125 0 0 10000
0.866667 0.733333 0.125 0 0 10000
0.933333 0.733333 0.125 0 0 10000
1 0.733333 0.125 1.0941e-31 0 10000

-1 0.8 0.125 0 -0 10000
-0.933333 0.8 0.125 0 0 10000
-0.866667 0.8 0.125 0 0 10000
-0.8 0.8 0.125 0 0 10000
-0.733333 0.8 0.125 0 0 10000
-0.666667 0.8 0.125 0 0 10000
-0.6 0.8 0.125 0 0 10000
-0.533333 0.8 0.125 0 0 10000
-0.466667 0.8 0.125 0 0 10000
-0.4 0.8 0.125 0 0 10000
-0.333333 0.8 0.125 0 0 10000
-0.266667 0.8 0.125 0 0 10000
-0.2 0.8 0.125 0 0 10000
-0.133333 0.8 0.125 0 0 10000
-0.0666667 0.8 0.125 0 0 10000
0 0.8 0.125 0 0 10000
0.0666667 0.8 0.125 0 0 10000
0.133333 0.8 0.125 0 0 10000
0.2 0.8 0.125 0 0 10000
0.266667 0.8 0.125 0 0 10000
0.333333 0.8 0.125 0 0 10000
0.4 0.8 0.125 0 0 10000
0.466667 0.8 0.125 0 0 10000
0.533333 0.8 0.125 0 0 10000
0.6 0.8 0.125 0 0 10000
0.666667 0.8 0.125 0 0 10000
0.733333 0.8 0.125 0 0 10000
0.8 0.8 0.125 0 0 10000
0.866667 0.8 0.125 0 0 10000
0.933333 0.8 0.125 0 0 10000
1 0.8 0.125 1.0941e-31 0 10000

-1 0.866667 0.125 0 -0 10000
-0.933333 0.866667 0.125 0 0 10000
-0.866667 0.866667 0.125 0 0 10000
-0.8 0.866667 0.125 0 0 10000
-0.733333 0.866667 0.125 0 0 10000
-0.666667 0.866667 0.125 0 0 10000
-0.6 0.866667 0.125 0 0 10000
-0.533333 0.866667 0.125 0 0 10000
-0.466667 0.866667 0.125 0 0 10000
-0.4 0.866667 0.125 0 0 10000
-0.333333 0.866667 0.125 0 0 10000
-0.266667 0.866667 0.125 0 0 10000
-0.2 0.866667 0.125 0 0 10000
-0.133333 0.866667 0.125 0 0 10000
-0.0666667 0.866667 0.125 0 0 10000
0 0.866667 0.125 0 0 10000
0.0666667 0.866667 0.125 0 0 10000
0.133333 0.866667 0.125 0 0 10000
0.2 0.866667 0.125 0 0 10000
0.266667 0.866667 0.125 0 0 10000
0.333333 0.866667 0.125 0 0 10000
0.4 0.866667 0.125 0 0 10000
0.466667 0.866667 0.125 0 0 10000
0.533333 0.866667 0.125 0 0 10000
0.6 0.866667 0.125 0 0 10000
0.666667 0.866667 0.125 0 0 10000
0.733333 0.866667 0.125 0 0 10000
0.8 0.866667 0.125 0 0 10000
0.866667 0.866667 0.125 0 0 10000
0.933333 0.866667 0.125 0 0 10000
1 0.866667 0.125 1.0941e-31 0 10000

-1 0.933333 0.125 0 -0 10000
-0.933333 0.933333 0.125 0 0 10000
-0.866667 0.933333 0.125 0 0 10000
-0.8 0.933333 0.125 0 0 10000
-0.733333 0.933333 0.125 0 0 10000
-0.666667 0.933333 0.125 0 0 10000
-0.6 0.933333 0.125 0 0 10000
-0.533333 0.933333 0.125 0 0 10000
-0.466667 0.933333 0.125 0 0 10000
-0.4 0.933333 0.125 0 0 10000
-0.333333 0.933333 0.125 0 0 10000
-0.266667 0.933333 0.125 0 0 10000
-0.2 0.933333 0.125 0 0 10000
-0.133333 0.933333 0.125 0 0 10000
-0.0666667 0.933333 0.125 0 0 10000
0 0.933333 0.125 0 0 10000
0.0666667 0.933333 0.125 0 0 10000
0.133333 0.933333 0.125 0 0 10000
0.2 0.933333 0.125 0 0 10000
0.266667 0.933333 0.125 0 0 10000
0.333333 0.933333 0.125 0 0 10000
0.4 0.933333 0.125 0 0 10000
0.466667 0.933333 0.125 0 0 10000
0.533333 0.933333 0.125 0 0 10000
0.6 0.933333 0.125 0 0 10000
0.666667 0.933333 0.125 0 0 10000
0.733333 0.933333 0.125 0 0 10000
0.8 0.933333 0.125 0 0 10000
0.866667 0.933333 0.125 0 0 10000
0.933333 0.933333 0.125 0 0 10000
1 0.933333 0.125 1.0941e-31 0 10000

-1 1 0.125 0 -0 10000
-0.933333 1 0.125 0 0 10000
-0.866667 1 0.125 0 0 10000
-0.8 1 0.125 0 0 10000
-0.733333 1 0.125 0 0 10000
-0.666667 1 0.125 0 0 10000
-0.6 1 0.125 0 0 10000
-0.533333 1 0.125 0 0 10000
-0.466667 1 0.125 0 0 10000
-0.4 1 0.125 0 0 10000
-0.333333 1 0.125 0 0 10000
-0.266667 1 0.125 0 0 10000
-0.2 1 0.125 0 0 10000
-0.133333 1 0.125 0 0 10000
-0.0666667 1 0.125 0 0 10000
0 1 0.125 0 0 10000
0.0666667 1 0.125 0 0 10000
0.133333 1 0.125 0 0 10000
0.2 1 0.125 0 0 10000
0.266667 1 0.125 0 0 10000
0.333333 1 0.125 0 0 10000
0.4 1 0.125 0 0 10000
0.466667 1 0.125 0 0 10000
0.533333 1 0.125 0 0 10000
0.6 1 0.125 0 0 10000
0.666667 1 0.125 0 0 10000
0.733333 1 0.125 0 0 10000
0.8 1 0.125 0 0 10000
0.866667 1 0.125 0 0 10000
0.933333 1 0.125 0 0 10000
1 1 0.125 1.0941e-31 0 10000

