-1 -1 0.125 -4.54854e-07 9.63836e-10 10000
-0.933333 -1 0.125 -3.25733e-08 -9.63836e-10 10000
-0.866667 -1 0.125 -4.54854e-07 2.19526e-08 10000
-0.8 -1 0.125 -6.85909e-06 3.82331e-07 10000
-0.733333 -1 0.125 -7.60537e-05 4.62876e-06 10000
-0.666667 -1 0.125 -0.000642654 4.23253e-05 10000
-0.6 -1 0.125002 -0.00422498 0.000299625 10000.2
-0.533333 -1 0.125011 -0.0219728 0.00167383 10001.3
-0.466667 -1 0.125047 -0.0926539 0.00759317 10005.3
-0.4 -1 0.125167 -0.338429 0.0300328 10019.3
-0.333333 -1 0.125632 -1.37186 0.131572 10078.7
-0.266667 -1 0.128712 -9.83161 0.979873 10586
-0.2 -1 0.153541 -99.381 9.84398 17150.9
-0.133333 -1 0.281794 -463.55 119.571 64218.5
-0.0666667 -1 1.27518 -763.497 316.61 364627
0 -1 2.83924 -642.5 298.19 833248
0.0666667 -1 0.657492 -444.752 134.612 156955
0.133333 -1 0.157459 -73.4027 16.9167 16521.9
0.2 -1 0.129536 -10.5208 1.71408 10627.9
0.266667 -1 0.126195 -2.59409 0.332789 10143.8
0.333333 -1 0.125322 -0.690772 0.083034 10037.4
0.4 -1 0.125071 -0.156329 0.0183756 10008.1
0.466667 -1 0.125012 -0.0280193 0.00324868 10001.4
0.533333 -1 0.125002 -0.00388887 0.000445462 10000.2
0.6 -1 0.125 -0.000414418 4.68313e-05 10000
0.666667 -1 0.125 -3.37308e-05 3.74559e-06 10000
0.733333 -1 0.125 -2.07592e-06 2.22549e-07 10000
0.8 -1 0.125 -8.47111e-08 4.77028e-09 10000
0.866667 -1 0.125 4.59592e-09 -1.84163e-09 10000
0.933333 -1 0.125 1.62841e-09 -2.08596e-10 10000
1 -1 0.125 1.79473e-10 -1.18767e-11 10000

-1 -0.933333 0.125 -1.2057e-07 -9.63836e-10 10000
-0.933333 -0.933333 0.125 -8.17998e-09 9.63836e-10 10000
-0.866667 -0.933333 0.125 -1.2057e-07 -2.19526e-08 10000
-0.8 -0.933333 0.125 -1.90601e-06 -3.82331e-07 10000
-0.733333 -0.933333 0.125 -2.19017e-05 -4.62877e-06 10000
-0.666667 -0.933333 0.125 -0.000190645 -4.23254e-05 10000
-0.6 -0.933333 0.125001 -0.00128751 -0.000299628 10000.1
-0.533333 -0.933333 0.125004 -0.00689319 -0.00167393 10000.4
-0.466667 -0.933333 0.125016 -0.0303051 -0.00759506 10001.8
-0.4 -0.933333 0.125063 -0.120162 -0.0300579 10007.2
-0.333333 -0.933333 0.125294 -0.588769 -0.131928 10036.4
-0.266667 -0.933333 0.127221 -5.37771 -0.991356 10345.8
-0.2 -0.933333 0.145227 -62.6084 -10.4075 14806.4
-0.133333 -0.933333 0.270732 -359.488 -124.457 61615.7
-0.0666667 -0.933333 1.24917 -709.79 -323.201 414607
0 -0.933333 2.60751 -596.976 -324.69 879643
0.0666667 -0.933333 0.575104 -290.807 -153.897 148690
0.133333 -0.933333 0.148144 -32.901 -17.9803 14865.2
0.2 -0.933333 0.127225 -4.06191 -1.74521 10317.3
0.266667 -0.933333 0.125468 -0.901226 -0.334717 10056.1
0.333333 -0.933333 0.125114 -0.225401 -0.0831715 10013.2
0.4 -0.933333 0.125024 -0.0485771 -0.0183826 10002.7
0.466667 -0.933333 0.125004 -0.00831244 -0.00324889 10000.4
0.533333 -0.933333 0.125 -0.00110285 -0.000445466 10000.1
0.6 -0.933333 0.125 -0.000112543 -4.68314e-05 10000
0.666667 -0.933333 0.125 -8.78808e-06 -3.74559e-06 10000
0.733333 -0.933333 0.125 -5.14598e-07 -2.22549e-07 10000
0.8 -0.933333 0.125 -1.42088e-08 -4.77028e-09 10000
0.866667 -0.933333 0.125 3.64803e-09 1.84163e-09 10000
0.933333 -0.933333 0.125 4.10484e-10 2.08596e-10 10000
1 -0.933333 0.125 5.06774e-11 1.18767e-11 10000

-1 -0.866667 0.125 -4.54854e-07 2.7751e-08 10000
-0.933333 -0.866667 0.125 -3.25733e-08 -2.7751e-08 10000
-0.866667 -0.866667 0.125 -4.54854e-07 -4.93343e-07 10000
-0.8 -0.866667 0.125 -6.85909e-06 -7.56922e-06 10000
-0.733333 -0.866667 0.125 -7.60537e-05 -8.55548e-05 10000
-0.666667 -0.866667 0.125 -0.000642654 -0.000736511 10000
-0.6 -0.866667 0.125002 -0.00422498 -0.004926 10000.2
-0.533333 -0.866667 0.125011 -0.0219728 -0.0259887 10001.3
-0.466667 -0.866667 0.125047 -0.0926539 -0.110473 10005.3
-0.4 -0.866667 0.125167 -0.338429 -0.399709 10019.3
-0.333333 -0.866667 0.125632 -1.37186 -1.51315 10078.6
-0.266667 -0.866667 0.128712 -9.83161 -9.75391 10583.7
-0.2 -0.866667 0.153541 -99.381 -93.7911 16893.9
-0.133333 -0.866667 0.281794 -463.55 -423.507 55783
-0.0666667 -0.866667 1.27518 -763.497 -685.168 281523
0 -0.866667 2.83924 -642.5 -704.598 629722
0.0666667 -0.866667 0.657492 -444.752 -590.408 117483
0.133333 -0.866667 0.157459 -73.4027 -111.466 16152.7
0.2 -0.866667 0.129536 -10.5208 -15.0544 10622.3
0.266667 -0.866667 0.126195 -2.59409 -3.60781 10143.5
0.333333 -0.866667 0.125322 -0.690772 -0.968123 10037.3
0.4 -0.866667 0.125071 -0.156329 -0.220777 10008.1
0.466667 -0.866667 0.125012 -0.0280193 -0.0397721 10001.4
0.533333 -0.866667 0.125002 -0.00388887 -0.00552139 10000.2
0.6 -0.866667 0.125 -0.000414418 -0.000584036 10000
0.666667 -0.866667 0.125 -3.37308e-05 -4.66711e-05 10000
0.733333 -0.866667 0.125 -2.07592e-06 -2.78569e-06 10000
0.8 -0.866667 0.125 -8.47111e-08 -1.11946e-07 10000
0.866667 -0.866667 0.125 4.59592e-09 4.08991e-09 10000
0.933333 -0.866667 0.125 1.62841e-09 1.62982e-09 10000
1 -0.866667 0.125 1.79473e-10 1.06635e-10 10000

-1 -0.8 0.125 -2.9681e-06 1.99531e-07 10000
-0.933333 -0.8 0.125 -2.38563e-07 -1.99531e-07 10000
-0.866667 -0.8 0.125 -2.9681e-06 -3.13191e-06 10000
-0.8 -0.8 0.125 -4.22557e-05 -4.53441e-05 10000
-0.733333 -0.8 0.125 -0.000448976 -0.000491067 10000
-0.666667 -0.8 0.125002 -0.00366421 -0.00408337 10000.2
-0.6 -0.8 0.125012 -0.0233766 -0.026516 10001.3
-0.533333 -0.8 0.125058 -0.117962 -0.13592 10006.6
-0.466667 -0.8 0.125228 -0.47717 -0.556155 10026.3
-0.4 -0.8 0.125738 -1.60627 -1.86826 10087
-0.333333 -0.8 0.127218 -5.25436 -5.80934 10278
-0.266667 -0.8 0.133759 -26.179 -25.4221 11432.5
-0.2 -0.8 0.16914 -165.633 -151.95 20762
-0.133333 -0.8 0.307307 -501.953 -457.567 54828.6
-0.0666667 -0.8 1.43727 -707.305 -610.006 301627
0 -0.8 3.45263 -570.096 -605.943 739641
0.0666667 -0.8 0.895214 -443 -590.185 143855
0.133333 -0.8 0.192898 -170.307 -220.004 20581.6
0.2 -0.8 0.140095 -39.4631 -50.9928 12011.6
0.266667 -0.8 0.129885 -11.8191 -15.5437 10594.7
0.333333 -0.8 0.126433 -3.41942 -4.57537 10168.5
0.4 -0.8 0.125337 -0.819552 -1.11042 10039
0.466667 -0.8 0.125061 -0.154955 -0.211058 10007
0.533333 -0.8 0.125008 -0.0226676 -0.0308466 10000.9
0.6 -0.8 0.125001 -0.002543 -0.00342708 10000.1
0.666667 -0.8 0.125 -0.000217695 -0.000286865 10000
0.733333 -0.8 0.125 -1.41338e-05 -1.7922e-05 10000
0.8 -0.8 0.125 -6.71733e-07 -8.09807e-07 10000
0.866667 -0.8 0.125 -1.00834e-08 -1.20449e-08 10000
0.933333 -0.8 0.125 4.59878e-09 4.63571e-09 10000
1 -0.8 0.125 6.69682e-10 4.12432e-10 10000

-1 -0.733333 0.125 -1.49705e-05 1.04229e-06 10000
-0.933333 -0.733333 0.125 -1.28704e-06 -1.04229e-06 10000
-0.866667 -0.733333 0.125 -1.49705e-05 -1.53434e-05 10000
-0.8 -0.733333 0.125 -0.000201272 -0.000209521 10000
-0.733333 -0.733333 0.125001 -0.00204413 -0.00216749 10000.1
-0.666667 -0.733333 0.125008 -0.016086 -0.0173744 10000.9
-0.6 -0.733333 0.125049 -0.0996035 -0.109533 10005.6
-0.533333 -0.733333 0.125235 -0.488954 -0.547095 10027.1
-0.466667 -0.733333 0.125887 -1.90938 -2.16296 10104.2
-0.4 -0.733333 0.127662 -5.99124 -6.81265 10319
-0.333333 -0.733333 0.131658 -16.1184 -17.711 10844.2
-0.266667 -0.733333 0.142322 -50.1822 -48.1481 12791.1
-0.2 -0.733333 0.180869 -187.315 -166.746 22835.9
-0.133333 -0.733333 0.32314 -456.415 -400.339 55903.4
-0.0666667 -0.733333 1.42666 -606.047 -490.836 301693
0 -0.733333 3.48511 -485.364 -496.025 763166
0.0666667 -0.733333 1.16484 -363.43 -470.352 187067
0.133333 -0.733333 0.270745 -245.089 -299.094 28751.7
0.2 -0.733333 0.16885 -103.461 -124.108 15490.3
0.266667 -0.733333 0.141137 -39.7491 -49.3729 11967.3
0.333333 -0.733333 0.130098 -12.8231 -16.4162 10605.2
0.4 -0.733333 0.12627 -3.28459 -4.28354 10147.9
0.466667 -0.733333 0.125242 -0.657886 -0.865978 10027.8
0.533333 -0.733333 0.125035 -0.101798 -0.133816 10003.9
0.6 -0.733333 0.125004 -0.0120702 -0.0156768 10000.4
0.666667 -0.733333 0.125 -0.00109132 -0.00138021 10000
0.733333 -0.733333 0.125 -7.47692e-05 -9.04012e-05 10000
0.8 -0.733333 0.125 -3.8071e-06 -4.29102e-06 10000
0.866667 -0.733333 0.125 -1.24719e-07 -1.24171e-07 10000
0.933333 -0.733333 0.125 7.33525e-09 6.15405e-09 10000
1 -0.733333 0.125 1.66263e-09 1.77481e-09 10000

-1 -0.666667 0.125 -6.14406e-05 4.39956e-06 10000
-0.933333 -0.666667 0.125 -5.58807e-06 -4.39956e-06 10000
-0.866667 -0.666667 0.125 -6.14406e-05 -6.12336e-05 10000
-0.8 -0.666667 0.125 -0.000780917 -0.000790139 10000
-0.733333 -0.666667 0.125004 -0.00756931 -0.00779817 10000.4
-0.666667 -0.666667 0.125029 -0.0573191 -0.0601271 10003.2
-0.6 -0.666667 0.125167 -0.34386 -0.367311 10019.2
-0.533333 -0.666667 0.125771 -1.6414 -1.7836 10090.5
-0.466667 -0.666667 0.127787 -6.19038 -6.82094 10333.5
-0.4 -0.666667 0.132872 -18.1667 -20.1718 10968.6
-0.333333 -0.666667 0.141826 -40.8474 -44.4149 12135.2
-0.266667 -0.666667 0.155288 -81.3331 -80.2986 14527.4
-0.2 -0.666667 0.187621 -188.243 -166.111 22853.2
-0.133333 -0.666667 0.312495 -381.53 -317.157 51290.9
-0.0666667 -0.666667 1.23718 -475.511 -346.183 252042
0 -0.666667 3.03368 -373.112 -352.231 646696
0.0666667 -0.666667 1.29682 -311.481 -389.043 200621
0.133333 -0.666667 0.396678 -307.026 -353.722 40239.8
0.2 -0.666667 0.227882 -195.481 -219.722 21284.2
0.266667 -0.666667 0.167625 -99.4529 -115.773 14930.4
0.333333 -0.666667 0.139614 -37.8109 -45.9394 11717.4
0.4 -0.666667 0.128878 -10.6197 -13.3058 10451.5
0.466667 -0.666667 0.12578 -2.27211 -2.88915 10090.2
0.533333 -0.666667 0.125117 -0.373483 -0.474988 10013.3
0.6 -0.666667 0.125013 -0.046957 -0.0588927 10001.4
0.666667 -0.666667 0.125001 -0.00449598 -0.00547054 10000.1
0.733333 -0.666667 0.125 -0.000325061 -0.000375489 10000
0.8 -0.666667 0.125 -1.74926e-05 -1.84605e-05 10000
0.866667 -0.666667 0.125 -6.60585e-07 -5.85215e-07 10000
0.933333 -0.666667 0.125 -4.15721e-09 7.75864e-09 10000
1 -0.666667 0.125 3.42415e-09 5.13775e-09 10000

-1 -0.6 0.125 -0.000210169 1.52344e-05 10000
-0.933333 -0.6 0.125 -1.99647e-05 -1.52345e-05 10000
-0.866667 -0.6 0.125 -0.000210169 -0.00020342 10000
-0.8 -0.6 0.125001 -0.0025378 -0.0024966 10000.1
-0.733333 -0.6 0.125012 -0.0234952 -0.0235489 10001.3
-0.666667 -0.6 0.125084 -0.170895 -0.174416 10009.6
-0.6 -0.6 0.125474 -0.989443 -1.02859 10055.2
-0.533333 -0.6 0.127099 -4.57062 -4.82896 10250.2
-0.466667 -0.6 0.132237 -16.4582 -17.6344 10894.4
-0.4 -0.6 0.144501 -44.5071 -48.4937 12438.1
-0.333333 -0.6 0.160707 -83.7086 -89.5721 14473.6
-0.266667 -0.6 0.173458 -121.687 -122.459 16516.1
-0.2 -0.6 0.193066 -181.185 -162.313 21413.2
-0.133333 -0.6 0.292714 -280.664 -217.809 43282.1
-0.0666667 -0.6 0.989631 -329.828 -214.936 182058
0 -0.6 2.3875 -256.486 -216.318 463092
0.0666667 -0.6 1.31195 -264.013 -311.427 191790
0.133333 -0.6 0.538617 -338.097 -367.65 48054.5
0.2 -0.6 0.321712 -287.578 -306.858 28026.9
0.266667 -0.6 0.217183 -183.795 -201.816 19273
0.333333 -0.6 0.159748 -87.5896 -100.488 13845.8
0.4 -0.6 0.134903 -28.2157 -33.8248 11134.7
0.466667 -0.6 0.127108 -6.55613 -8.04753 10241
0.533333 -0.6 0.125331 -1.15181 -1.41909 10037.6
0.6 -0.6 0.125037 -0.154045 -0.186889 10004.2
0.666667 -0.6 0.125003 -0.015639 -0.0183385 10000.3
0.733333 -0.6 0.125 -0.00119316 -0.00131548 10000
0.8 -0.6 0.125 -6.73284e-05 -6.6184e-05 10000
0.866667 -0.6 0.125 -2.69493e-06 -1.97637e-06 10000
0.933333 -0.6 0.125 -5.91802e-08 -1.08149e-09 10000
1 -0.6 0.125 7.09789e-09 1.15417e-08 10000

-1 -0.533333 0.125 -0.000608449 4.37255e-05 10000
-0.933333 -0.533333 0.125 -5.95052e-05 -4.37256e-05 10000
-0.866667 -0.533333 0.125 -0.000608449 -0.000569938 10000
-0.8 -0.533333 0.125004 -0.00703779 -0.00671945 10000.4
-0.733333 -0.533333 0.125031 -0.0624792 -0.0608887 10003.6
-0.666667 -0.533333 0.125214 -0.436368 -0.433481 10024.6
-0.6 -0.533333 0.126144 -2.42618 -2.45314 10135.5
-0.533333 -0.533333 0.129823 -10.7062 -11.0132 10590.6
-0.466667 -0.533333 0.140669 -35.6996 -37.4149 12009.9
-0.4 -0.533333 0.165317 -87.9951 -92.7685 15160.6
-0.333333 -0.533333 0.189373 -139.01 -145.016 17478
-0.266667 -0.533333 0.195717 -165.425 -164.995 17540.3
-0.2 -0.533333 0.201018 -180.812 -166.518 19191.2
-0.133333 -0.533333 0.278129 -199.787 -149.231 34872.4
-0.0666667 -0.533333 0.786785 -206.337 -118.092 126150
0 -0.533333 1.78814 -168.626 -128.463 303936
0.0666667 -0.533333 1.26584 -212.771 -235.172 166405
0.133333 -0.533333 0.660522 -310.695 -335.114 55264
0.2 -0.533333 0.431445 -331.735 -345.204 32425.5
0.266667 -0.533333 0.293227 -272.461 -285.537 23400.3
0.333333 -0.533333 0.195402 -160.128 -173.962 16786
0.4 -0.533333 0.146712 -62.2503 -71.1745 12359.8
0.466667 -0.533333 0.129892 -16.0925 -19.0549 10549.5
0.533333 -0.533333 0.125802 -3.04422 -3.63514 10090.5
0.6 -0.533333 0.125092 -0.434345 -0.51053 10010.2
0.666667 -0.533333 0.125007 -0.0467767 -0.0528001 10000.8
0.733333 -0.533333 0.125 -0.00376629 -0.00394354 10000
0.8 -0.533333 0.125 -0.000221596 -0.00020012 10000
0.866667 -0.533333 0.125 -9.32873e-06 -5.13038e-06 10000
0.933333 -0.533333 0.125 -2.3459e-07 1.61532e-08 10000
1 -0.533333 0.125 2.06434e-08 3.02695e-08 10000

-1 -0.466667 0.125001 -0.00147511 0.000104333 10000.1
-0.933333 -0.466667 0.125 -0.000148706 -0.000104333 10000
-0.866667 -0.466667 0.125001 -0.00147511 -0.00134603 10000.1
-0.8 -0.466667 0.125008 -0.0165003 -0.0153713 10001
-0.733333 -0.466667 0.125071 -0.141222 -0.134902 10008.2
-0.666667 -0.466667 0.125465 -0.953994 -0.929462 10054.3
-0.6 -0.466667 0.127366 -5.14316 -5.0715 10284.5
-0.533333 -0.466667 0.13449 -21.6672 -21.6336 11201.3
-0.466667 -0.466667 0.154258 -65.5687 -66.8921 13961.1
-0.4 -0.466667 0.193568 -137.191 -140.123 18158.2
-0.333333 -0.466667 0.219991 -190.774 -192.802 18879
-0.266667 -0.466667 0.220181 -208.028 -207.799 17092
-0.2 -0.466667 0.214135 -195.628 -186.297 17308.4
-0.133333 -0.466667 0.271848 -164.755 -127.916 28228
-0.0666667 -0.466667 0.658571 -126.506 -59.7203 90924.9
0 -0.466667 1.37557 -112.402 -76.6897 203582
0.0666667 -0.466667 1.17594 -170.332 -179.571 137633
0.133333 -0.466667 0.76381 -264.835 -284.262 63677.9
0.2 -0.466667 0.531184 -314.311 -329.643 38466.9
0.266667 -0.466667 0.380463 -323.347 -335.509 25952.5
0.333333 -0.466667 0.248504 -245.949 -254.564 19204.6
0.4 -0.466667 0.166702 -114.976 -125.4 14046.2
0.466667 -0.466667 0.134929 -33.9552 -38.7346 11067.9
0.533333 -0.466667 0.126692 -6.9849 -8.08536 10185.4
0.6 -0.466667 0.125195 -1.0669 -1.21701 10021.5
0.666667 -0.466667 0.125013 -0.122076 -0.133113 10001.4
0.733333 -0.466667 0.125 -0.0103779 -0.0103434 10000
0.8 -0.466667 0.125 -0.000638126 -0.000516813 9999.99
0.866667 -0.466667 0.125 -2.82218e-05 -1.25988e-05 10000
0.933333 -0.466667 0.125 -7.43405e-07 2.17523e-07 10000
1 -0.466667 0.125 7.79452e-08 9.66343e-08 10000

-1 -0.4 0.125002 -0.00326317 0.000213153 10000.2
-0.933333 -0.4 0.125 -0.000325244 -0.000213156 10000
-0.866667 -0.4 0.125002 -0.00326317 -0.00280778 10000.2
-0.8 -0.4 0.125018 -0.0356302 -0.0316239 10002
-0.733333 -0.4 0.125144 -0.296227 -0.270236 10016.6
-0.666667 -0.4 0.1259 -1.91111 -1.78683 10107
-0.6 -0.4 0.129326 -9.58938 -9.1599 10534.1
-0.533333 -0.4 0.140869 -36.0526 -34.8198 12049.1
-0.466667 -0.4 0.168924 -93.7059 -91.8412 16010.7
-0.4 -0.4 0.216884 -169.498 -171.068 19729.1
-0.333333 -0.4 0.245636 -222.282 -224.912 18766.9
-0.266667 -0.4 0.244495 -240.185 -242.02 16187.4
-0.2 -0.4 0.234907 -221.138 -216.222 16111.6
-0.133333 -0.4 0.274097 -159.447 -135.18 24219.2
-0.0666667 -0.4 0.576509 -94.3172 -45.214 67880
0 -0.4 1.10438 -79.8511 -51.6318 141989
0.0666667 -0.4 1.07117 -137.165 -139.635 115698
0.133333 -0.4 0.821757 -222.165 -236.769 70019.9
0.2 -0.4 0.61867 -272.704 -287.329 47066.2
0.266667 -0.4 0.462022 -308.097 -325.415 31788.3
0.333333 -0.4 0.312607 -302.754 -314.339 20670.3
0.4 -0.4 0.196257 -185.584 -192.946 15566
0.466667 -0.4 0.142919 -62.0146 -68.2666 11772.2
0.533333 -0.4 0.128153 -14.0892 -15.8308 10330.3
0.6 -0.4 0.12536 -2.30919 -2.55669 10038.3
0.666667 -0.4 0.12502 -0.281256 -0.295457 10001.9
0.733333 -0.4 0.124999 -0.0253474 -0.02407 9999.85
0.8 -0.4 0.125 -0.00165558 -0.00118759 9999.95
0.866667 -0.4 0.125 -7.6137e-05 -2.73611e-05 10000
0.933333 -0.4 0.125 -2.12591e-06 9.57139e-07 10000
1 -0.4 0.125 2.5699e-07 2.907e-07 10000

-1 -0.333333 0.125003 -0.00492184 0.000280405 10000.3
-0.933333 -0.333333 0.125 -0.00045304 -0.00028041 10000
-0.866667 -0.333333 0.125003 -0.00492184 -0.00375571 10000.3
-0.8 -0.333333 0.125028 -0.0533371 -0.0425868 10003.2
-0.733333 -0.333333 0.125225 -0.436391 -0.36346 10026.2
-0.666667 -0.333333 0.126359 -2.73379 -2.36273 10162.1
-0.6 -0.333333 0.131219 -12.9915 -11.6145 10769.7
-0.533333 -0.333333 0.146368 -44.6753 -41.2144 12699.8
-0.466667 -0.333333 0.179872 -104.525 -99.5342 17097.2
-0.4 -0.333333 0.233174 -178.513 -179.535 20501.1
-0.333333 -0.333333 0.269954 -229.971 -234.302 19249.6
-0.266667 -0.333333 0.27489 -249.618 -255.424 16785.3
-0.2 -0.333333 0.267837 -239.717 -241.401 16283.3
-0.133333 -0.333333 0.293346 -167.594 -153.76 23037
-0.0666667 -0.333333 0.530925 -89.8448 -54.9458 53945.8
0 -0.333333 0.954151 -65.3856 -45.5218 108358
0.0666667 -0.333333 0.988373 -104.553 -104.204 101322
0.133333 -0.333333 0.846219 -175.115 -185.112 75045.9
0.2 -0.333333 0.692371 -225.366 -238.204 55874.3
0.266667 -0.333333 0.552892 -258.813 -275.555 41647.2
0.333333 -0.333333 0.382137 -290.382 -311.499 25730.7
0.4 -0.333333 0.231556 -242.972 -251.34 16397.8
0.466667 -0.333333 0.154105 -99.9361 -106.331 12531.5
0.533333 -0.333333 0.130251 -25.0418 -27.4034 10511.7
0.6 -0.333333 0.125584 -4.44834 -4.78943 10056.1
0.666667 -0.333333 0.125021 -0.581445 -0.592755 10001.2
0.733333 -0.333333 0.124995 -0.0559208 -0.0510069 9999.33
0.8 -0.333333 0.124999 -0.00395886 -0.00263018 9999.85
0.866667 -0.333333 0.125 -0.000197731 -6.1964e-05 9999.99
0.933333 -0.333333 0.125 -6.11685e-06 2.42078e-06 10000
1 -0.333333 0.125 7.00573e-07 7.39853e-07 10000

-1 -0.266667 0.125003 -0.00525244 0.000215165 10000.4
-0.933333 -0.266667 0.125 -0.000421373 -0.00021517 10000.1
-0.866667 -0.266667 0.125003 -0.00525244 -0.00333621 10000.4
-0.8 -0.266667 0.125034 -0.0571464 -0.0390722 10004
-0.733333 -0.266667 0.125272 -0.466254 -0.343045 10031.7
-0.666667 -0.266667 0.126617 -2.8979 -2.28341 10191.9
-0.6 -0.266667 0.132259 -13.5409 -11.3712 10878.7
-0.533333 -0.266667 0.149543 -45.22 -40.2795 12951.5
-0.466667 -0.266667 0.187592 -101.941 -95.2548 17377.5
-0.4 -0.266667 0.248647 -171.255 -171.141 21288.7
-0.333333 -0.266667 0.298921 -217.06 -222.423 21257.9
-0.266667 -0.266667 0.322029 -231.796 -240.973 20442.5
-0.2 -0.266667 0.322942 -228.019 -237.279 19921.5
-0.133333 -0.266667 0.339561 -175 -172.408 24502.8
-0.0666667 -0.266667 0.520978 -96.0808 -72.9517 48283.7
0 -0.266667 0.884181 -59.8563 -46.6646 92101.9
0.0666667 -0.266667 0.945465 -73.4658 -73.1061 94129.9
0.133333 -0.266667 0.861255 -120.911 -128.368 79722.8
0.2 -0.266667 0.758203 -172.274 -183.047 64812.9
0.266667 -0.266667 0.644684 -205.036 -219.285 52193.5
0.333333 -0.266667 0.46808 -237.705 -259.698 35154
0.4 -0.266667 0.271806 -241.932 -261.274 18977.7
0.466667 -0.266667 0.168403 -138.698 -145.447 13063.8
0.533333 -0.266667 0.133038 -41.0129 -43.4991 10683.7
0.6 -0.266667 0.125853 -7.75994 -8.1622 10068.7
0.666667 -0.266667 0.125006 -1.08809 -1.08407 9997.8
0.733333 -0.266667 0.124986 -0.113138 -0.100236 9998.12
0.8 -0.266667 0.124997 -0.0088422 -0.00598097 9999.63
0.866667 -0.266667 0.125 -0.000494947 -0.000187759 9999.97
0.933333 -0.266667 0.125 -1.80803e-05 2.16886e-06 10000
1 -0.266667 0.125 1.13009e-06 1.47089e-06 10000

-1 -0.2 0.125003 -0.00440095 0.000109554 10000.4
-0.933333 -0.2 0.125 -0.000271419 -0.000109556 10000.1
-0.866667 -0.2 0.125003 -0.00440095 -0.00219675 10000.4
-0.8 -0.2 0.125034 -0.0488662 -0.0278923 10003.9
-0.733333 -0.2 0.125269 -0.405995 -0.261107 10031.4
-0.666667 -0.2 0.126616 -2.5693 -1.8439 10190.4
-0.6 -0.2 0.132327 -12.1976 -9.64685 10869.5
-0.533333 -0.2 0.150106 -41.2118 -35.5141 12912.3
-0.466667 -0.2 0.190702 -93.1204 -85.4702 17170.5
-0.4 -0.2 0.261118 -156.009 -153.285 21893.7
-0.333333 -0.2 0.339114 -189.239 -193.922 25287.9
-0.266667 -0.2 0.396119 -192.51 -203.009 27637.9
-0.2 -0.2 0.412299 -187.324 -200.766 28346.6
-0.133333 -0.2 0.420185 -159.647 -167.577 30491
-0.0666667 -0.2 0.542106 -98.7237 -85.7884 47701.7
0 -0.2 0.862906 -53.967 -45.0755 86020
0.0666667 -0.2 0.935075 -48.7087 -48.9946 92282.6
0.133333 -0.2 0.891505 -71.4367 -76.628 84905.5
0.2 -0.2 0.81793 -113.049 -122.223 74059
0.266667 -0.2 0.720924 -150.124 -161.723 62174.8
0.333333 -0.2 0.559528 -177.145 -195.528 45352.5
0.4 -0.2 0.335261 -193.42 -217.128 24911
0.466667 -0.2 0.183698 -151.724 -163.165 13635
0.533333 -0.2 0.135954 -55.7464 -58.9461 10773.4
0.6 -0.2 0.126177 -12.3636 -12.8152 10075.4
0.666667 -0.2 0.124979 -1.89372 -1.86236 9990.18
0.733333 -0.2 0.124969 -0.212569 -0.184915 9995.44
0.8 -0.2 0.124992 -0.018178 -0.0132592 9999.29
0.866667 -0.2 0.124999 -0.00114342 -0.000559969 9999.94
0.933333 -0.2 0.125 -4.94659e-05 -7.59885e-06 10000
1 -0.2 0.125 6.11965e-07 2.22367e-06 10000

-1 -0.133333 0.125002 -0.00208725 -7.53445e-05 10000.3
-0.933333 -0.133333 0.125 4.52611e-05 7.53457e-05 10000
-0.866667 -0.133333 0.125002 -0.00208725 0.000117826 10000.3
-0.8 -0.133333 0.125027 -0.0262302 -0.00464791 10003.2
-0.733333 -0.133333 0.125227 -0.238277 -0.0850308 10026.4
-0.666667 -0.133333 0.126407 -1.68079 -0.89767 10164.1
-0.6 -0.133333 0.131574 -8.76889 -5.94048 10763.2
-0.533333 -0.133333 0.148335 -31.8942 -25.3563 12623
-0.466667 -0.133333 0.189176 -76.0056 -67.2606 16620.4
-0.4 -0.133333 0.26513 -132.154 -126.489 22210.7
-0.333333 -0.133333 0.382607 -153.796 -154.161 29929.3
-0.266667 -0.133333 0.492321 -147.927 -156.354 37890.8
-0.2 -0.133333 0.540603 -138.893 -152.466 41627.7
-0.133333 -0.133333 0.546088 -123.368 -136.188 42388.8
-0.0666667 -0.133333 0.608754 -87.1696 -84.1699 52271.7
0 -0.133333 0.871598 -43.6398 -37.4508 85065.9
0.0666667 -0.133333 0.942201 -29.4261 -29.6664 92702.1
0.133333 -0.133333 0.923523 -37.466 -40.6759 89364.4
0.2 -0.133333 0.867821 -59.4391 -65.5767 82065.4
0.266667 -0.133333 0.774613 -90.2432 -99.4254 70496.9
0.333333 -0.133333 0.6276 -117.9 -131.7 53585.8
0.4 -0.133333 0.398946 -139.22 -160 31179.1
0.466667 -0.133333 0.203765 -135.168 -150.517 15025.7
0.533333 -0.133333 0.139973 -60.6167 -65.6445 10965.1
0.6 -0.133333 0.126638 -16.2438 -17.1152 10084.4
0.666667 -0.133333 0.124978 -2.92102 -2.93106 9984.89
0.733333 -0.133333 0.124954 -0.376793 -0.347845 9993.21
0.8 -0.133333 0.124988 -0.035471 -0.0268839 9998.77
0.866667 -0.133333 0.124999 -0.00241261 -0.00141669 9999.88
0.933333 -0.133333 0.125 -0.000119599 -4.48232e-05 9999.99
1 -0.133333 0.125 -3.55839e-06 1.96874e-06 10000

-1 -0.0666667 0.125001 0.000932529 -0.000253303 10000.1
-0.933333 -0.0666667 0.125 0.000350314 0.000253305 10000
-0.866667 -0.0666667 0.125001 0.000932529 0.00255463 10000.1
-0.8 -0.0666667 0.125015 0.00532602 0.0226795 10001.7
-0.733333 -0.0666667 0.12514 0.00803061 0.138951 10015.9
-0.666667 -0.0666667 0.125958 -0.262148 0.445812 10107.6
-0.6 -0.0666667 0.129874 -2.57557 0.177624 10530.1
-0.533333 -0.0666667 0.144133 -14.7974 -7.80955 11996.7
-0.466667 -0.0666667 0.183109 -46.7153 -36.009 15639.9
-0.4 -0.0666667 0.261904 -93.7115 -84.6019 22149.9
-0.333333 -0.0666667 0.413203 -111.7 -106.944 33580.3
-0.266667 -0.0666667 0.577677 -104.828 -107.388 47930.1
-0.2 -0.0666667 0.667885 -95.0044 -104.335 56707.7
-0.133333 -0.0666667 0.691683 -84.3706 -96.7754 59077.7
-0.0666667 -0.0666667 0.7229 -63.6653 -68.2579 63828.3
0 -0.0666667 0.896176 -29.1878 -25.5197 86754
0.0666667 -0.0666667 0.948163 -13.0228 -12.6868 93003.7
0.133333 -0.0666667 0.93695 -14.4522 -15.479 91550.9
0.2 -0.0666667 0.892693 -22.277 -25.1256 86024.1
0.266667 -0.0666667 0.804659 -36.8535 -42.5142 75417.9
0.333333 -0.0666667 0.658183 -56.9988 -67.1938 58310.7
0.4 -0.0666667 0.43086 -83.0689 -101.115 35241.9
0.466667 -0.0666667 0.22467 -99.4918 -116.582 17070.4
0.533333 -0.0666667 0.14677 -55.7386 -63.2677 11487.8
0.6 -0.0666667 0.127801 -17.3232 -19.0933 10166.2
0.666667 -0.0666667 0.125089 -3.63199 -3.83465 9992.89
0.733333 -0.0666667 0.124955 -0.544153 -0.541791 9993.26
0.8 -0.0666667 0.124987 -0.0593795 -0.0530162 9998.44
0.866667 -0.0666667 0.124998 -0.00474799 -0.00346925 9999.82
0.933333 -0.0666667 0.125 -0.000271652 -0.000161193 9999.99
1 -0.0666667 0.125 -1.71993e-05 -4.30356e-06 10000

-1 0 0.125 0.0026737 -0.000254481 10000
-0.933333 0 0.125 0.000443998 0.000254481 10000
-0.866667 0 0.125 0.0026737 0.00321891 10000
-0.8 0 0.125003 0.026195 0.0337474 10000.3
-0.733333 0 0.125052 0.185803 0.254623 10005.2
-0.666667 0 0.125487 0.920368 1.35772 10048.1
-0.6 0 0.128099 3.29249 5.24325 10295.8
-0.533333 0 0.139154 4.49463 10.4087 11308.8
-0.466667 0 0.173086 -4.39289 7.01831 14308.6
-0.4 0 0.253134 -36.0652 -22.884 21315.1
-0.333333 0 0.424475 -60.5748 -51.247 35626.3
-0.266667 0 0.633166 -59.5664 -57.2623 55306.5
-0.2 0 0.762365 -52.4903 -56.736 69383.8
-0.133333 0 0.810926 -44.926 -52.6431 74879.9
-0.0666667 0 0.833557 -33.5092 -38.8083 77503.5
0 0 0.906881 -10.9596 -8.18798 87642.5
0.0666667 0 0.936939 2.71117 4.51548 91528.8
0.133333 0 0.928151 4.46294 5.27813 90469.3
0.2 0 0.888978 4.47961 3.91783 85661.4
0.266667 0 0.806328 3.34361 0.538315 75889.9
0.333333 0 0.66601 -0.468306 -7.6063 59824.1
0.4 0 0.440784 -16.5126 -31.3026 37303.5
0.466667 0 0.240142 -45.7036 -62.9526 19255.5
0.533333 0 0.154977 -40.8273 -50.6385 12300.3
0.6 0 0.130183 -15.3574 -18.4518 10398.9
0.666667 0 0.125497 -3.64821 -4.23072 10035
0.733333 0 0.124999 -0.613729 -0.675774 9998.23
0.8 0 0.124991 -0.0748785 -0.0779998 9998.9
0.866667 0 0.124998 -0.0067673 -0.00624008 9999.81
0.933333 0 0.125 -0.000433622 -0.000350613 9999.99
1 0 0.125 -4.15901e-05 -1.48613e-05 10000

-1 0.0666667 0.124999 0.00285845 -0.000184043 9999.94
-0.933333 0.0666667 0.125 0.000386469 0.000184043 9999.99
-0.866667 0.0666667 0.124999 0.00285845 0.00277875 9999.94
-0.8 0.0666667 0.124997 0.0303473 0.0311967 9999.58
-0.733333 0.0666667 0.124998 0.233993 0.257806 9999.01
-0.666667 0.0666667 0.125168 1.34795 1.55804 10010.9
-0.6 0.0666667 0.126729 5.82811 6.9831 10135.9
-0.533333 0.0666667 0.134875 17.1633 21.3907 10797.8
-0.466667 0.0666667 0.16464 34.4716 44.1207 13219.9
-0.4 0.0666667 0.242728 32.623 47.8773 19878.1
-0.333333 0.0666667 0.423158 3.43227 16.8076 35951.9
-0.266667 0.0666667 0.661058 -10.7738 -4.10139 59560.3
-0.2 0.0666667 0.8253 -12.2546 -12.3085 77947
-0.133333 0.0666667 0.890656 -11.3892 -14.789 85554.6
-0.0666667 0.0666667 0.897548 -4.24857 -7.68643 86342.3
0 0.0666667 0.885667 11.5961 14.6413 84831.3
0.0666667 0.0666667 0.896664 20.3793 24.9683 86269.2
0.133333 0.0666667 0.891673 24.3885 27.8559 85698.9
0.2 0.0666667 0.855876 30.2891 32.4644 81293.9
0.266667 0.0666667 0.779094 39.0019 39.2749 72239.6
0.333333 0.0666667 0.650751 47.0479 43.5137 57790.7
0.4 0.0666667 0.443454 50.0086 39.2198 37574.7
0.466667 0.0666667 0.253433 24.2305 8.93489 21024.7
0.533333 0.0666667 0.164395 -9.42273 -21.4199 13401.7
0.6 0.0666667 0.133677 -8.90162 -13.7825 10801.5
0.666667 0.0666667 0.12632 -2.68727 -3.86797 10130.4
0.733333 0.0666667 0.125129 -0.535301 -0.720851 10013.4
0.8 0.0666667 0.125005 -0.0702583 -0.0890548 10000.6
0.866667 0.0666667 0.124999 -0.00676227 -0.00803878 9999.94
0.933333 0.0666667 0.125 -0.000473193 -0.000498259 9999.99
1 0.0666667 0.125 -6.31545e-05 -2.76467e-05 10000

-1 0.133333 0.124999 0.00229213 -0.000101087 9999.93
-0.933333 0.133333 0.125 0.000246749 0.000101087 9999.99
-0.866667 0.133333 0.124999 0.00229213 0.00193596 9999.93
-0.8 0.133333 0.124995 0.0264064 0.0242391 9999.44
-0.733333 0.133333 0.12498 0.219476 0.217936 9997.01
-0.666667 0.133333 0.125013 1.3634 1.43135 9995.17
-0.6 0.133333 0.125871 6.4579 7.07763 10050.7
-0.533333 0.133333 0.131885 22.7882 25.6617 10497.8
-0.466667 0.133333 0.157638 55.891 63.9188 12455.6
-0.4 0.133333 0.232497 90.847 105.575 18277.3
-0.333333 0.133333 0.416933 73.1476 89.9391 34632.9
-0.266667 0.133333 0.665484 42.5175 53.3883 60067.1
-0.2 0.133333 0.853521 25.0829 28.3207 81998.7
-0.133333 0.133333 0.929187 14.4501 13.3085 91140
-0.0666667 0.133333 0.918676 18.8621 15.393 89752
0 0.133333 0.824183 38.3325 42.8016 76460.9
0.0666667 0.133333 0.813644 47.1993 56.06 75538.1
0.133333 0.133333 0.814932 51.4117 58.821 75809.9
0.2 0.133333 0.784286 62.1897 67.8793 72017.7
0.266667 0.133333 0.716742 77.7039 81.5341 64089.8
0.333333 0.133333 0.608689 92.0596 92.4212 52215.3
0.4 0.133333 0.435347 105.033 98.4673 35905.1
0.466667 0.133333 0.267234 90.9667 78.7922 22361.2
0.533333 0.133333 0.176589 36.5314 23.2266 14984.1
0.6 0.133333 0.138894 5.9149 -1.39787 11481.5
0.666667 0.133333 0.127732 0.0578224 -2.07257 10307.9
0.733333 0.133333 0.125371 -0.210683 -0.593491 10043.1
0.8 0.133333 0.125035 -0.0359086 -0.0806466 10004.1
0.866667 0.133333 0.125002 -0.00408582 -0.00773321 10000.3
0.933333 0.133333 0.125 -0.000317972 -0.000529865 10000
1 0.133333 0.125 -6.70794e-05 -3.67279e-05 10000

-1 0.2 0.125 0.00134987 -3.16459e-05 9999.95
-0.933333 0.2 0.125 0.000111481 3.16458e-05 9999.99
-0.866667 0.2 0.125 0.00134987 0.000972122 9999.95
-0.8 0.2 0.124996 0.0176259 0.0146882 9999.56
-0.733333 0.2 0.12498 0.167032 0.15485 9997.21
-0.666667 0.2 0.124976 1.16669 1.16958 9992.94
-0.6 0.2 0.125483 6.08463 6.38722 10023.9
-0.533333 0.2 0.129778 23.7015 25.646 10338.3
-0.466667 0.2 0.150689 65.5424 72.1403 11884.3
-0.4 0.2 0.220819 123.916 137.118 16930
-0.333333 0.2 0.398416 135.045 153.381 31510.1
-0.266667 0.2 0.647845 102.832 117.966 56713.6
-0.2 0.2 0.854768 63.9159 70.5831 81870.8
-0.133333 0.2 0.948379 39.0914 38.863 94339.3
-0.0666667 0.2 0.919181 37.8642 32.0941 91363.9
0 0.2 0.722704 66.3566 68.2014 64497.2
0.0666667 0.2 0.692907 84.1778 97.3339 59745
0.133333 0.2 0.697891 92.5262 105.179 60390
0.2 0.2 0.678912 104.337 114.443 58089.5
0.266667 0.2 0.627481 120.61 128.17 52372.4
0.333333 0.2 0.543324 135.853 140.17 43919.9
0.4 0.2 0.41294 149.734 147.626 32812.4
0.466667 0.2 0.275528 137.734 129.911 23121
0.533333 0.2 0.18841 75.9457 64.4775 16662.1
0.6 0.2 0.144669 24.4091 16.5033 12303
0.666667 0.2 0.129299 4.59913 1.98092 10515.3
0.733333 0.2 0.125653 0.533685 0.0174364 10078.2
0.8 0.2 0.125072 0.0498034 -0.0184225 10008.5
0.866667 0.2 0.125006 0.00317815 -0.00321223 10000.7
0.933333 0.2 0.125 0.00014188 -0.000284173 10000
1 0.2 0.125 -4.16283e-05 -2.55627e-05 10000

-1 0.266667 0.125 0.000614145 -2.14812e-06 9999.97
-0.933333 0.266667 0.125 4.06665e-05 2.14811e-06 10000
-0.866667 0.266667 0.125 0.000614145 0.000391297 9999.97
-0.8 0.266667 0.124998 0.00912867 0.00724241 9999.75
-0.733333 0.266667 0.124988 0.10074 0.0894508 9998.39
-0.666667 0.266667 0.124995 0.815479 0.799629 9996.91
-0.6 0.266667 0.125383 4.89183 5.05389 10026.5
-0.533333 0.266667 0.128579 21.5559 22.8963 10284.5
-0.466667 0.266667 0.144639 66.7744 72.0547 11520
-0.4 0.266667 0.203474 138.073 150.373 15684.6
-0.333333 0.266667 0.353998 185.236 204.418 26761.7
-0.266667 0.266667 0.605999 165.8 184.888 50203.7
-0.2 0.266667 0.833613 114.063 124.799 77710.2
-0.133333 0.266667 0.965246 67.6409 67.9624 97286.5
-0.0666667 0.266667 0.928139 54.8762 44.5295 95527.1
0 0.266667 0.626858 88.9631 79.0852 56777.5
0.0666667 0.266667 0.54168 124.578 138.358 42163.2
0.133333 0.266667 0.554334 143.043 159.205 42704.2
0.2 0.266667 0.551793 152.728 165.977 42486.2
0.266667 0.266667 0.519711 164.958 175.229 39443.8
0.333333 0.266667 0.460849 177.543 184.749 34542.7
0.4 0.266667 0.374199 184.953 187.38 28597
0.466667 0.266667 0.275579 163.989 160.031 23172.2
0.533333 0.266667 0.193816 97.9602 88.3145 17784.9
0.6 0.266667 0.147726 36.6979 29.6446 12807
0.666667 0.266667 0.130223 8.28541 5.80684 10641.6
0.733333 0.266667 0.125844 1.24129 0.731631 10101.4
0.8 0.266667 0.125098 0.136185 0.0645361 10011.5
0.866667 0.266667 0.125008 0.011061 0.00389969 10001
0.933333 0.266667 0.125001 0.000663349 0.000158888 10000.1
1 0.266667 0.125 7.53938e-06 4.82557e-07 10000

-1 0.333333 0.125 0.000267546 5.98334e-07 9999.99
-0.933333 0.333333 0.125 1.56923e-05 -5.98334e-07 10000
-0.866667 0.333333 0.125 0.000267546 0.000171053 9999.99
-0.8 0.333333 0.124999 0.00441074 0.0035748 9999.91
-0.733333 0.333333 0.124997 0.052499 0.0487448 9999.58
-0.666667 0.333333 0.125016 0.468941 0.472098 10001.1
-0.6 0.333333 0.125351 3.21252 3.36751 10032.3
-0.533333 0.333333 0.12785 16.3384 17.4175 10270.6
-0.466667 0.333333 0.139986 59.4645 63.5664 11317.3
-0.4 0.333333 0.184095 141.328 151.194 14575.2
-0.333333 0.333333 0.29868 224.673 241.595 21893.7
-0.266667 0.333333 0.530003 222.835 244.96 41285.7
-0.2 0.333333 0.800289 172.56 188.105 71213.2
-0.133333 0.333333 0.996504 102.4 103.799 102592
-0.0666667 0.333333 0.979159 69.7536 52.926 108051
0 0.333333 0.58515 101.681 77.6897 56516.2
0.0666667 0.333333 0.401684 166.424 173.727 28997.3
0.133333 0.333333 0.410839 197.534 214.301 27488.4
0.2 0.333333 0.425371 204.768 219.512 28839.1
0.266667 0.333333 0.414288 211.26 222.337 28294.2
0.333333 0.333333 0.381453 217.443 225.065 26404.1
0.4 0.333333 0.329909 213.726 217.524 24377
0.466667 0.333333 0.265086 177.51 176.541 22708.3
0.533333 0.333333 0.193049 107.484 99.44 18281.2
0.6 0.333333 0.147893 41.0766 34.8965 12916.1
0.666667 0.333333 0.13032 9.52112 7.37475 10658.8
0.733333 0.333333 0.12587 1.47735 1.04048 10104.3
0.8 0.333333 0.125103 0.168106 0.107007 10012
0.866667 0.333333 0.125009 0.014295 0.00818713 10001
0.933333 0.333333 0.125001 0.000898039 0.000459512 10000.1
1 0.333333 0.125 4.70827e-05 2.01815e-05 10000

-1 0.4 0.125 0.000113861 -2.07264e-07 10000
-0.933333 0.4 0.125 7.14128e-06 2.07264e-07 10000
-0.866667 0.4 0.125 0.000113861 8.05456e-05 10000
-0.8 0.4 0.125 0.00200562 0.00175589 9999.98
-0.733333 0.4 0.125 0.0256298 0.0253415 10000
-0.666667 0.4 0.125022 0.244554 0.258099 10002.3
-0.6 0.4 0.125276 1.77982 1.94129 10030.2
-0.533333 0.4 0.127051 10.0574 11.09 10225.4
-0.466667 0.4 0.135891 42.6976 46.4893 11114
-0.4 0.4 0.167819 122.14 130.29 13778.8
-0.333333 0.4 0.257698 234.431 245.659 19148.7
-0.266667 0.4 0.442932 272.058 292.998 32332.8
-0.2 0.4 0.754238 220.854 241.002 64262.4
-0.133333 0.4 1.0525 137.64 142.863 111837
-0.0666667 0.4 1.09953 88.6976 65.1048 134769
0 0.4 0.586628 112.89 71.5725 63108.6
0.0666667 0.4 0.311893 197.521 188.514 23183
0.133333 0.4 0.306286 250.253 261.299 17638.5
0.2 0.4 0.3299 255.164 268.168 19054
0.266667 0.4 0.337446 251.954 260.787 20694.2
0.333333 0.4 0.325218 247.847 253.656 21151.1
0.4 0.4 0.2961 231.612 234.637 21751.5
0.466667 0.4 0.247251 185.369 185.422 22047.4
0.533333 0.4 0.186314 109.303 102.931 18098.2
0.6 0.4 0.145499 40.7672 36.028 12705.2
0.666667 0.4 0.12971 9.26154 7.72511 10586.7
0.733333 0.4 0.125762 1.42856 1.12638 10090.9
0.8 0.4 0.12509 0.1628 0.120647 10010.4
0.866667 0.4 0.125008 0.0139375 0.00964017 10000.9
0.933333 0.4 0.125001 0.000885788 0.000569932 10000.1
1 0.4 0.125 5.95752e-05 3.19366e-05 10000

-1 0.466667 0.125 4.55454e-05 -5.98934e-07 10000
-0.933333 0.466667 0.125 3.40216e-06 5.98934e-07 10000
-0.866667 0.466667 0.125 4.55454e-05 3.75031e-05 10000
-0.8 0.466667 0.125 0.000841363 0.000816891 10000
-0.733333 0.466667 0.125001 0.0113098 0.0119544 10000.1
-0.666667 0.466667 0.125017 0.114297 0.126856 10001.9
-0.6 0.466667 0.125176 0.886919 1.01492 10020.6
-0.533333 0.466667 0.126247 5.3262 6.13486 10146.7
-0.466667 0.466667 0.131785 24.6283 28.0546 10760.7
-0.4 0.466667 0.153283 84.7779 93.0823 12870.4
-0.333333 0.466667 0.220735 196.966 208.201 17933.1
-0.266667 0.466667 0.374938 290.285 304.472 27170.5
-0.2 0.466667 0.672321 259.432 284.217 55445.6
-0.133333 0.466667 1.11863 170.241 182.317 124858
-0.0666667 0.466667 1.31203 117.878 89.0262 182519
0 0.466667 0.624766 140.72 80.4451 78793.6
0.0666667 0.466667 0.268196 211.623 187.209 22732.7
0.133333 0.466667 0.244567 271.597 271.145 13804.5
0.2 0.466667 0.271118 282.684 290.262 14179.6
0.266667 0.466667 0.288765 270.511 275.959 17075.3
0.333333 0.466667 0.287618 258.446 261.773 18994.3
0.4 0.466667 0.270299 233.047 235.399 20751.5
0.466667 0.466667 0.229163 180.668 181.257 21435.5
0.533333 0.466667 0.174716 101.94 98.1195 17164.9
0.6 0.466667 0.140442 34.6539 32.293 12094
0.666667 0.466667 0.128315 7.1676 6.55778 10411.3
0.733333 0.466667 0.12551 1.04923 0.935377 10059.9
0.8 0.466667 0.125058 0.116663 0.100196 10006.7
0.866667 0.466667 0.125005 0.00991022 0.0081498 10000.6
0.933333 0.466667 0.125 0.00063143 0.000495875 10000
1 0.466667 0.125 4.9033e-05 3.07e-05 10000

-1 0.533333 0.125 1.6367e-05 -4.53557e-07 10000
-0.933333 0.533333 0.125 1.42282e-06 4.53557e-07 10000
-0.866667 0.533333 0.125 1.6367e-05 1.58403e-05 10000
-0.8 0.533333 0.125 0.000312453 0.000332409 10000
-0.733333 0.533333 0.125001 0.00439115 0.00494907 10000.1
-0.666667 0.533333 0.125009 0.0468203 0.0548104 10001.1
-0.6 0.533333 0.125089 0.384243 0.45639 10010.4
-0.533333 0.533333 0.125649 2.47105 2.94458 10075.4
-0.466667 0.533333 0.128655 12.5335 14.7863 10420.6
-0.4 0.533333 0.141239 49.0811 56.357 11807.6
-0.333333 0.533333 0.184201 137.015 151.313 15958.2
-0.266667 0.533333 0.305116 255.621 271.36 25053.2
-0.2 0.533333 0.569165 289.597 314.393 47545.4
-0.133333 0.533333 1.16737 202.104 224.034 143809
-0.0666667 0.533333 1.6126 159.808 128.986 253737
0 0.533333 0.71231 198.143 119.468 104443
0.0666667 0.533333 0.255887 227.311 187.686 25382.8
0.133333 0.533333 0.21562 256.147 247.754 14190.2
0.2 0.533333 0.239587 271.981 271.929 13865.9
0.266667 0.533333 0.257237 261.568 263.604 16549.2
0.333333 0.533333 0.25875 247.873 249.284 18863.6
0.4 0.533333 0.246274 216.158 217.491 20719.2
0.466667 0.533333 0.20825 156.317 157.28 20312.1
0.533333 0.533333 0.159084 75.7402 76.3043 15033.6
0.6 0.533333 0.134124 21.2117 20.8662 11210.5
0.666667 0.533333 0.126713 3.78494 3.67217 10206.4
0.733333 0.533333 0.12524 0.508681 0.487116 10027.6
0.8 0.533333 0.125026 0.0538468 0.0507458 10002.9
0.866667 0.533333 0.125002 0.00445319 0.00410237 10000.2
0.933333 0.533333 0.125 0.000280312 0.00025165 10000
1 0.533333 0.125 2.49739e-05 1.58488e-05 10000

-1 0.6 0.125 5.05817e-06 -2.07836e-07 10000
-0.933333 0.6 0.125 4.90599e-07 2.07836e-07 10000
-0.866667 0.6 0.125 5.05817e-06 5.50241e-06 10000
-0.8 0.6 0.125 9.97022e-05 0.000114906 10000
-0.733333 0.6 0.125 0.0014656 0.00175558 10000
-0.666667 0.6 0.125004 0.0163867 0.0199219 10000.4
-0.6 0.6 0.125038 0.142707 0.175385 10004.4
-0.533333 0.6 0.125287 0.986573 1.21668 10033.3
-0.466667 0.6 0.126702 5.48076 6.70731 10199.3
-0.4 0.6 0.133097 24.4765 29.3556 10953.9
-0.333333 0.6 0.157007 83.9797 97.0715 13643.2
-0.266667 0.6 0.234901 194.852 217.893 21462.7
-0.2 0.6 0.468127 286.122 315.718 44867.5
-0.133333 0.6 1.17973 235.511 273.366 164893
-0.0666667 0.6 1.99291 221.934 191.777 351548
0 0.6 0.84284 284.115 187.159 141811
0.0666667 0.6 0.258468 259.21 204.029 31156.2
0.133333 0.6 0.203732 229.31 215.13 16499.6
0.2 0.6 0.218237 229.648 226.35 15787
0.266667 0.6 0.231652 227.412 227.865 17605
0.333333 0.6 0.231747 214.914 215.91 19532.3
0.4 0.6 0.216894 176.627 179.181 20477.3
0.466667 0.6 0.178758 110.38 114.858 17333.3
0.533333 0.6 0.14258 39.8715 41.6043 12433.3
0.6 0.6 0.129052 8.82527 9.06902 10503.7
0.666667 0.6 0.125685 1.40988 1.42512 10080.6
0.733333 0.6 0.125089 0.177899 0.176864 10010.2
0.8 0.6 0.125009 0.0179279 0.0175013 10001
0.866667 0.6 0.125001 0.00141948 0.00135732 10000.1
0.933333 0.6 0.125 8.59845e-05 8.0633e-05 10000
1 0.6 0.125 7.24631e-06 5.19528e-06 10000

-1 0.666667 0.125 1.3114e-06 -7.86379e-08 10000
-0.933333 0.666667 0.125 1.40736e-07 7.86379e-08 10000
-0.866667 0.666667 0.125 1.3114e-06 1.5766e-06 10000
-0.8 0.666667 0.125 2.68141e-05 3.31681e-05 10000
-0.733333 0.666667 0.125 0.000411573 0.000514106 10000
-0.666667 0.666667 0.125001 0.00485448 0.00614638 10000.2
-0.6 0.666667 0.125014 0.0450689 0.0575534 10001.6
-0.533333 0.666667 0.125108 0.334728 0.428227 10012.4
-0.466667 0.666667 0.125677 2.02707 2.57881 10080
-0.4 0.666667 0.128465 10.2133 12.7846 10418.8
-0.333333 0.666667 0.14003 42.8524 52.076 11861.9
-0.266667 0.666667 0.184489 136.72 160.445 17252.1
-0.2 0.666667 0.366094 260.681 307.719 40256.7
-0.133333 0.666667 1.14532 279.921 341.673 172850
-0.0666667 0.666667 2.4585 318.159 291.991 487197
0 0.666667 1.01242 407.417 290.368 191510
0.0666667 0.666667 0.267797 323.532 260.408 38267.7
0.133333 0.666667 0.196258 202.762 187.186 19199.2
0.2 0.666667 0.195881 174.063 172.881 17186.4
0.266667 0.666667 0.201137 171.734 175.188 18075.4
0.333333 0.666667 0.198017 157.614 164.18 18753.7
0.4 0.666667 0.179265 115.749 124.896 17424.6
0.466667 0.666667 0.149884 55.7123 60.9415 13433.1
0.533333 0.666667 0.132155 15.8797 17.126 10904.7
0.6 0.666667 0.126472 3.09459 3.27828 10175.1
0.666667 0.666667 0.12523 0.462841 0.481807 10026.4
0.733333 0.666667 0.125028 0.0552102 0.0564494 10003.2
0.8 0.666667 0.125003 0.00524799 0.0052746 10000.3
0.866667 0.666667 0.125 0.000391669 0.000386725 10000
0.933333 0.666667 0.125 2.24235e-05 2.18081e-05 10000
1 0.666667 0.125 1.83721e-06 1.39502e-06 10000

-1 0.733333 0.125 2.90056e-07 -2.27853e-08 10000
-0.933333 0.733333 0.125 3.6858e-08 2.27853e-08 10000
-0.866667 0.733333 0.125 2.90056e-07 3.69614e-07 10000
-0.8 0.733333 0.125 5.96226e-06 7.69443e-06 10000
-0.733333 0.733333 0.125 9.63659e-05 0.000125976 10000
-0.666667 0.733333 0.125 0.00120707 0.00159672 10000
-0.6 0.733333 0.125004 0.0119228 0.015864 10000.5
-0.533333 0.733333 0.125034 0.0947259 0.126037 10003.9
-0.466667 0.733333 0.125225 0.621847 0.822975 10026.4
-0.4 0.733333 0.126248 3.51056 4.5839 10151.8
-0.333333 0.733333 0.131045 17.8861 22.8649 10787
-0.266667 0.733333 0.153418 81.4513 100.788 14002.2
-0.2 0.733333 0.278223 242.201 299.058 31927.2
-0.133333 0.733333 1.07499 332.275 420.385 168349
-0.0666667 0.733333 2.85256 428.117 430.459 599238
0 0.733333 1.17972 537.917 424.757 235427
0.0666667 0.733333 0.280137 392.101 334.132 43883.2
0.133333 0.733333 0.186708 177.075 163.419 20305.9
0.2 0.733333 0.170008 114.493 119.852 16084.4
0.266667 0.733333 0.166876 102.732 113.107 15698
0.333333 0.733333 0.161325 85.7095 96.6953 15090.8
0.4 0.733333 0.147911 52.6067 60.0599 13055.7
0.466667 0.733333 0.133713 19.5009 22.3267 11117.5
0.533333 0.733333 0.127269 4.83848 5.4278 10272.4
0.6 0.733333 0.125436 0.888579 0.976931 10050.5
0.666667 0.733333 0.125064 0.127531 0.137275 10007.3
0.733333 0.733333 0.125007 0.0145129 0.0153165 10000.8
0.8 0.733333 0.125001 0.00130469 0.00135109 10000.1
0.866667 0.733333 0.125 9.14075e-05 9.29645e-05 10000
0.933333 0.733333 0.125 4.91083e-06 4.92668e-06 10000
1 0.733333 0.125 3.9476e-07 3.18892e-07 10000

-1 0.8 0.125 6.17e-08 -4.92249e-09 10000
-0.933333 0.8 0.125 9.09255e-09 4.92249e-09 10000
-0.866667 0.8 0.125 6.17e-08 7.73341e-08 10000
-0.8 0.8 0.125 1.09537e-06 1.48015e-06 10000
-0.733333 0.8 0.125 1.86109e-05 2.55594e-05 10000
-0.666667 0.8 0.125 0.000246526 0.000341604 10000
-0.6 0.8 0.125001 0.00257638 0.00358253 10000.1
-0.533333 0.8 0.125008 0.0217827 0.0302367 10001
-0.466667 0.8 0.125061 0.154456 0.213046 10007
-0.4 0.8 0.125368 0.976057 1.33186 10044.7
-0.333333 0.8 0.127059 6.05653 8.1506 10274.4
-0.266667 0.8 0.137092 39.5617 52.1657 11914.2
-0.2 0.8 0.213064 204.304 262.362 24531
-0.133333 0.8 0.907162 387.037 501.834 145265
-0.0666667 0.8 2.94035 516.728 543.016 615489
0 0.8 1.23299 636.05 540.004 248379
0.0666667 0.8 0.277003 422.703 376.279 45080
0.133333 0.8 0.171198 142.902 133.392 18981.3
0.2 0.8 0.146624 57.2708 63.3871 13102
0.266667 0.8 0.142247 42.7554 50.2011 12251.4
0.333333 0.8 0.137991 30.3189 36.3777 11671.6
0.4 0.8 0.131811 15.0865 18.1915 10849.9
0.466667 0.8 0.127268 4.82245 5.73842 10271.8
0.533333 0.8 0.125555 1.13197 1.32456 10064.7
0.6 0.8 0.125102 0.203045 0.2325 10011.7
0.666667 0.8 0.125015 0.0284236 0.0318329 10001.6
0.733333 0.8 0.125002 0.00312528 0.00342472 10000.2
0.8 0.8 0.125 0.000268414 0.000287872 10000
0.866667 0.8 0.125 1.77808e-05 1.86782e-05 10000
0.933333 0.8 0.125 9.14547e-07 9.443e-07 10000
1 0.8 0.125 8.01093e-08 6.97365e-08 10000

-1 0.866667 0.125 1.30574e-08 -9.54383e-10 10000
-0.933333 0.866667 0.125 1.71789e-09 9.54383e-10 10000
-0.866667 0.866667 0.125 1.30574e-08 1.64231e-08 10000
-0.8 0.866667 0.125 1.75655e-07 2.44206e-07 10000
-0.733333 0.866667 0.125 2.88136e-06 4.16717e-06 10000
-0.666667 0.866667 0.125 3.99173e-05 5.8101e-05 10000
-0.6 0.866667 0.125 0.000438908 0.000639582 10000
-0.533333 0.866667 0.125002 0.00393537 0.00571473 10000.2
-0.466667 0.866667 0.125013 0.030132 0.0434245 10001.5
-0.4 0.866667 0.125087 0.214197 0.30568 10010.4
-0.333333 0.866667 0.125582 1.6271 2.3149 10077.9
-0.266667 0.866667 0.129546 14.7615 21.1311 10751.2
-0.2 0.866667 0.169033 132.78 181.775 18544.6
-0.133333 0.866667 0.644414 444.858 587.981 101125
-0.0666667 0.866667 2.45512 591.688 655.189 496727
0 0.866667 1.06426 714.736 651.584 208014
0.0666667 0.866667 0.248401 407.702 381.418 41015.5
0.133333 0.866667 0.150554 84.7425 83.1473 15184
0.2 0.866667 0.132555 19.1159 22.0135 10995.2
0.266667 0.866667 0.129962 11.4773 14.1983 10606.6
0.333333 0.866667 0.128153 6.85986 8.62861 10378.6
0.4 0.866667 0.126405 2.91157 3.66109 10165.5
0.466667 0.866667 0.125439 0.882313 1.09508 10050.8
0.533333 0.866667 0.125103 0.201968 0.246388 10011.7
0.6 0.866667 0.125019 0.0356862 0.0426645 10002.1
0.666667 0.866667 0.125003 0.00491055 0.00574678 10000.3
0.733333 0.866667 0.125 0.000526698 0.000602817 10000
0.8 0.866667 0.125 4.37411e-05 4.89259e-05 10000
0.866667 0.866667 0.125 2.79805e-06 3.06006e-06 10000
0.933333 0.866667 0.125 1.5602e-07 1.65998e-07 10000
1 0.866667 0.125 1.85469e-08 1.41474e-08 10000

-1 0.933333 0.125 2.03677e-09 -1.47689e-10 10000
-0.933333 0.933333 0.125 2.48587e-10 1.47689e-10 10000
-0.866667 0.933333 0.125 2.03677e-09 2.5015e-09 10000
-0.8 0.933333 0.125 2.94149e-08 3.85998e-08 10000
-0.733333 0.933333 0.125 3.50057e-07 5.27101e-07 10000
-0.666667 0.933333 0.125 4.80339e-06 7.39589e-06 10000
-0.6 0.933333 0.125 5.51243e-05 8.4887e-05 10000
-0.533333 0.933333 0.125 0.000523038 0.000801928 10000
-0.466667 0.933333 0.125002 0.00432402 0.00658436 10000.2
-0.4 0.933333 0.125016 0.0345422 0.0523668 10001.9
-0.333333 0.933333 0.125136 0.313367 0.481981 10017.7
-0.266667 0.933333 0.126437 3.58305 5.75119 10224.7
-0.2 0.933333 0.143123 47.034 75.4306 13628
-0.133333 0.933333 0.374424 381.228 530.201 61516
-0.0666667 0.933333 1.57341 687.004 783.931 300307
0 0.933333 0.751604 767.821 742.115 145158
0.0666667 0.933333 0.197814 268.328 275.765 30410.5
0.133333 0.933333 0.133944 26.3332 28.2454 11584.8
0.2 0.933333 0.126859 4.05701 4.89976 10230
0.266667 0.933333 0.126016 2.04461 2.63724 10118.8
0.333333 0.933333 0.125546 1.06338 1.38697 10063.2
0.4 0.933333 0.125215 0.408427 0.529828 10024.6
0.466667 0.933333 0.125063 0.118231 0.151743 10007.2
0.533333 0.933333 0.125014 0.0263903 0.033389 10001.6
0.6 0.933333 0.125002 0.00458053 0.00569403 10000.3
0.666667 0.933333 0.125 0.000619283 0.000754675 10000
0.733333 0.933333 0.125 6.50568e-05 7.75893e-05 10000
0.8 0.933333 0.125 5.29553e-06 6.17219e-06 10000
0.866667 0.933333 0.125 3.51349e-07 3.97868e-07 10000
0.933333 0.933333 0.125 2.90809e-08 3.12801e-08 10000
1 0.933333 0.125 3.23844e-09 2.53601e-09 10000

-1 1 0.125 5.1918e-10 -1.48033e-11 10000
-0.933333 1 0.125 5.70388e-11 1.48033e-11 10000
-0.866667 1 0.125 5.1918e-10 2.9509e-10 10000
-0.8 1 0.125 6.97533e-09 3.98192e-09 10000
-0.733333 1 0.125 9.25991e-08 3.68166e-08 10000
-0.666667 1 0.125 1.25638e-06 3.37267e-07 10000
-0.6 1 0.125 1.48601e-05 3.67174e-06 10000
-0.533333 1 0.125 0.000147365 3.53865e-05 10000
-0.466667 1 0.125001 0.00129197 0.000310515 10000.1
-0.4 1 0.125006 0.0111912 0.00279838 10000.7
-0.333333 1 0.125056 0.112315 0.0301519 10007.3
-0.266667 1 0.125681 1.41409 0.401 10106.8
-0.2 1 0.134518 20.025 5.79658 11924.8
-0.133333 1 0.257892 210.346 71.1668 45281.4
-0.0666667 1 0.950471 597.304 197.342 271392
0 1 0.492167 621.947 174.875 133313
0.0666667 1 0.16308 139.657 21.8491 20845.8
0.133333 1 0.129132 11.7211 1.04237 10685.2
0.2 1 0.125778 1.57866 0.216298 10094.1
0.266667 1 0.125383 0.727073 0.109972 10043.9
0.333333 1 0.125183 0.347355 0.0481447 10020.8
0.4 1 0.125066 0.125686 0.0157581 10007.4
0.466667 1 0.125018 0.0349448 0.00398762 10002
0.533333 1 0.125004 0.00760273 0.000787627 10000.4
0.6 1 0.125001 0.00129592 0.000120952 10000.1
0.666667 1 0.125 0.000172444 1.44025e-05 10000
0.733333 1 0.125 1.78382e-05 1.35443e-06 10000
0.8 1 0.125 1.44133e-06 1.16429e-07 10000
0.866667 1 0.125 9.95202e-08 1.87953e-08 10000
0.933333 1 0.125 8.46617e-09 2.96464e-09 10000
1 1 0.125 7.92894e-10 1.74587e-10 10000

