-1 -1 1.225 0 0 101327
-0.96 -1 1.225 0 -0 101327
-0.92 -1 1.225 0 -0 101327
-0.88 -1 1.225 0 -0 101327
-0.84 -1 1.225 0 -0 101327
-0.8 -1 1.225 0 -0 101327
-0.76 -1 1.225 0 -0 101327
-0.72 -1 1.225 0 -0 101327
-0.68 -1 1.225 0 -0 101327
-0.64 -1 1.225 0 -0 101327
-0.6 -1 1.225 0 -0 101327
-0.56 -1 1.225 0 -0 101327
-0.52 -1 1.225 0 -0 101327
-0.48 -1 1.225 0 -0 101327
-0.44 -1 1.225 0 -0 101327
-0.4 -1 1.225 0 -0 101327
-0.36 -1 1.225 0 -0 101327
-0.32 -1 1.225 0 -0 101327
-0.28 -1 1.225 0 -0 101327
-0.24 -1 1.225 0 -0 101327
-0.2 -1 1.225 0 -0 101327
-0.16 -1 1.225 0 -0 101327
-0.12 -1 1.225 0 -0 101327
-0.08 -1 1.225 0 -0 101327
-0.04 -1 1.225 0 0 101327
0 -1 1.225 0 0 101327
0.04 -1 1.225 0 0 101327
0.08 -1 1.225 0 0 101327
0.12 -1 1.225 0 0 101327
0.16 -1 1.225 0 0 101327
0.2 -1 1.225 0 0 101327
0.24 -1 1.225 0 0 101327
0.28 -1 1.225 0 0 101327
0.32 -1 1.225 0 0 101327
0.36 -1 1.225 0 0 101327
0.4 -1 1.225 0 0 101327
0.44 -1 1.225 0 0 101327
0.48 -1 1.225 0 0 101327
0.52 -1 -nan -nan nan -nan
0.56 -1 -nan -nan nan -nan
0.6 -1 -nan -nan nan -nan
0.64 -1 -nan -nan nan -nan
0.68 -1 -nan -nan nan -nan
0.72 -1 -nan -nan nan -nan
0.76 -1 -nan -nan nan -nan
0.8 -1 -nan -nan nan -nan
0.84 -1 -nan -nan nan -nan
0.88 -1 -nan -nan nan -nan
0.92 -1 -nan -nan nan -nan
0.96 -1 -nan -nan nan -nan
1 -1 -nan -nan nan -nan

-1 -0.96 1.225 0 -0 101327
-0.96 -0.96 1.225 0 0 101327
-0.92 -0.96 1.225 0 0 101327
-0.88 -0.96 1.225 0 0 101327
-0.84 -0.96 1.225 0 0 101327
-0.8 -0.96 1.225 0 0 101327
-0.76 -0.96 1.225 0 0 101327
-0.72 -0.96 1.225 0 0 101327
-0.68 -0.96 1.225 0 0 101327
-0.64 -0.96 1.225 0 0 101327
-0.6 -0.96 1.225 0 0 101327
-0.56 -0.96 1.225 0 0 101327
-0.52 -0.96 1.225 0 0 101327
-0.48 -0.96 1.225 0 0 101327
-0.44 -0.96 1.225 0 0 101327
-0.4 -0.96 1.225 0 0 101327
-0.36 -0.96 1.225 0 0 101327
-0.32 -0.96 1.225 0 0 101327
-0.28 -0.96 1.225 0 0 101327
-0.24 -0.96 1.225 0 0 101327
-0.2 -0.96 1.225 0 0 101327
-0.16 -0.96 1.225 0 0 101327
-0.12 -0.96 1.225 0 0 101327
-0.08 -0.96 1.225 0 0 101327
-0.04 -0.96 1.225 0 0 101327
0 -0.96 1.225 0 0 101327
0.04 -0.96 1.225 0 0 101327
0.08 -0.96 1.225 0 0 101327
0.12 -0.96 1.225 0 0 101327
0.16 -0.96 1.225 0 0 101327
0.2 -0.96 1.225 0 0 101327
0.24 -0.96 1.225 0 0 101327
0.28 -0.96 1.225 0 0 101327
0.32 -0.96 1.225 0 0 101327
0.36 -0.96 1.225 0 0 101327
0.4 -0.96 1.225 0 0 101327
0.44 -0.96 1.225 0 0 101327
0.48 -0.96 1.225 0 0 101327
0.52 -0.96 -nan -nan -nan -nan
0.56 -0.96 -nan -nan -nan -nan
0.6 -0.96 -nan -nan -nan -nan
0.64 -0.96 -nan -nan -nan -nan
0.68 -0.96 -nan -nan -nan -nan
0.72 -0.96 -nan -nan -nan -nan
0.76 -0.96 -nan -nan -nan -nan
0.8 -0.96 -nan -nan -nan -nan
0.84 -0.96 -nan -nan -nan -nan
0.88 -0.96 -nan -nan -nan -nan
0.92 -0.96 -nan -nan -nan -nan
0.96 -0.96 -nan -nan -nan -nan
1 -0.96 -nan -nan -nan -nan

-1 -0.92 1.225 0 -0 101327
-0.96 -0.92 1.225 0 0 101327
-0.92 -0.92 1.225 0 0 101327
-0.88 -0.92 1.225 0 0 101327
-0.84 -0.92 1.225 0 0 101327
-0.8 -0.92 1.225 0 0 101327
-0.76 -0.92 1.225 0 0 101327
-0.72 -0.92 1.225 0 0 101327
-0.68 -0.92 1.225 0 0 101327
-0.64 -0.92 1.225 0 0 101327
-0.6 -0.92 1.225 0 0 101327
-0.56 -0.92 1.225 0 0 101327
-0.52 -0.92 1.225 0 0 101327
-0.48 -0.92 1.225 0 0 101327
-0.44 -0.92 1.225 0 0 101327
-0.4 -0.92 1.225 0 0 101327
-0.36 -0.92 1.225 0 0 101327
-0.32 -0.92 1.225 0 0 101327
-0.28 -0.92 1.225 0 0 101327
-0.24 -0.92 1.225 0 0 101327
-0.2 -0.92 1.225 0 0 101327
-0.16 -0.92 1.225 0 0 101327
-0.12 -0.92 1.225 0 0 101327
-0.08 -0.92 1.225 0 0 101327
-0.04 -0.92 1.225 0 0 101327
0 -0.92 1.225 0 0 101327
0.04 -0.92 1.225 0 0 101327
0.08 -0.92 1.225 0 0 101327
0.12 -0.92 1.225 0 0 101327
0.16 -0.92 1.225 0 0 101327
0.2 -0.92 1.225 0 0 101327
0.24 -0.92 1.225 0 0 101327
0.28 -0.92 1.225 0 0 101327
0.32 -0.92 1.225 0 0 101327
0.36 -0.92 1.225 0 0 101327
0.4 -0.92 1.225 0 0 101327
0.44 -0.92 1.225 0 0 101327
0.48 -0.92 1.225 0 0 101327
0.52 -0.92 -nan -nan -nan -nan
0.56 -0.92 -nan -nan -nan -nan
0.6 -0.92 -nan -nan -nan -nan
0.64 -0.92 -nan -nan -nan -nan
0.68 -0.92 -nan -nan -nan -nan
0.72 -0.92 -nan -nan -nan -nan
0.76 -0.92 -nan -nan -nan -nan
0.8 -0.92 -nan -nan -nan -nan
0.84 -0.92 -nan -nan -nan -nan
0.88 -0.92 -nan -nan -nan -nan
0.92 -0.92 -nan -nan -nan -nan
0.96 -0.92 -nan -nan -nan -nan
1 -0.92 -nan -nan -nan -nan

-1 -0.88 1.225 0 -0 101327
-0.96 -0.88 1.225 0 0 101327
-0.92 -0.88 1.225 0 0 101327
-0.88 -0.88 1.225 0 0 101327
-0.84 -0.88 1.225 0 0 101327
-0.8 -0.88 1.225 0 0 101327
-0.76 -0.88 1.225 0 0 101327
-0.72 -0.88 1.225 0 0 101327
-0.68 -0.88 1.225 0 0 101327
-0.64 -0.88 1.225 0 0 101327
-0.6 -0.88 1.225 0 0 101327
-0.56 -0.88 1.225 0 0 101327
-0.52 -0.88 1.225 0 0 101327
-0.48 -0.88 1.225 0 0 101327
-0.44 -0.88 1.225 0 0 101327
-0.4 -0.88 1.225 0 0 101327
-0.36 -0.88 1.225 0 0 101327
-0.32 -0.88 1.225 0 0 101327
-0.28 -0.88 1.225 0 0 101327
-0.24 -0.88 1.225 0 0 101327
-0.2 -0.88 1.225 0 0 101327
-0.16 -0.88 1.225 0 0 101327
-0.12 -0.88 1.225 0 0 101327
-0.08 -0.88 1.225 0 0 101327
-0.04 -0.88 1.225 0 0 101327
0 -0.88 1.225 0 0 101327
0.04 -0.88 1.225 0 0 101327
0.08 -0.88 1.225 0 0 101327
0.12 -0.88 1.225 0 0 101327
0.16 -0.88 1.225 0 0 101327
0.2 -0.88 1.225 0 0 101327
0.24 -0.88 1.225 0 0 101327
0.28 -0.88 1.225 0 0 101327
0.32 -0.88 1.225 0 0 101327
0.36 -0.88 1.225 0 0 101327
0.4 -0.88 1.225 0 0 101327
0.44 -0.88 1.225 0 0 101327
0.48 -0.88 1.225 0 0 101327
0.52 -0.88 -nan -nan -nan -nan
0.56 -0.88 -nan -nan -nan -nan
0.6 -0.88 -nan -nan -nan -nan
0.64 -0.88 -nan -nan -nan -nan
0.68 -0.88 -nan -nan -nan -nan
0.72 -0.88 -nan -nan -nan -nan
0.76 -0.88 -nan -nan -nan -nan
0.8 -0.88 -nan -nan -nan -nan
0.84 -0.88 -nan -nan -nan -nan
0.88 -0.88 -nan -nan -nan -nan
0.92 -0.88 -nan -nan -nan -nan
0.96 -0.88 -nan -nan -nan -nan
1 -0.88 -nan -nan -nan -nan

-1 -0.84 1.225 0 -0 101327
-0.96 -0.84 1.225 0 0 101327
-0.92 -0.84 1.225 0 0 101327
-0.88 -0.84 1.225 0 0 101327
-0.84 -0.84 1.225 0 0 101327
-0.8 -0.84 1.225 0 0 101327
-0.76 -0.84 1.225 0 0 101327
-0.72 -0.84 1.225 0 0 101327
-0.68 -0.84 1.225 0 0 101327
-0.64 -0.84 1.225 0 0 101327
-0.6 -0.84 1.225 0 0 101327
-0.56 -0.84 1.225 0 0 101327
-0.52 -0.84 1.225 0 0 101327
-0.48 -0.84 1.225 0 0 101327
-0.44 -0.84 1.225 0 0 101327
-0.4 -0.84 1.225 0 0 101327
-0.36 -0.84 1.225 0 0 101327
-0.32 -0.84 1.225 0 0 101327
-0.28 -0.84 1.225 0 0 101327
-0.24 -0.84 1.225 0 0 101327
-0.2 -0.84 1.225 0 0 101327
-0.16 -0.84 1.225 0 0 101327
-0.12 -0.84 1.225 0 0 101327
-0.08 -0.84 1.225 0 0 101327
-0.04 -0.84 1.225 0 0 101327
0 -0.84 1.225 0 0 101327
0.04 -0.84 1.225 0 0 101327
0.08 -0.84 1.225 0 0 101327
0.12 -0.84 1.225 0 0 101327
0.16 -0.84 1.225 0 0 101327
0.2 -0.84 1.225 0 0 101327
0.24 -0.84 1.225 0 0 101327
0.28 -0.84 1.225 0 0 101327
0.32 -0.84 1.225 0 0 101327
0.36 -0.84 1.225 0 0 101327
0.4 -0.84 1.225 0 0 101327
0.44 -0.84 1.225 0 0 101327
0.48 -0.84 1.225 0 0 101327
0.52 -0.84 -nan -nan -nan -nan
0.56 -0.84 -nan -nan -nan -nan
0.6 -0.84 -nan -nan -nan -nan
0.64 -0.84 -nan -nan -nan -nan
0.68 -0.84 -nan -nan -nan -nan
0.72 -0.84 -nan -nan -nan -nan
0.76 -0.84 -nan -nan -nan -nan
0.8 -0.84 -nan -nan -nan -nan
0.84 -0.84 -nan -nan -nan -nan
0.88 -0.84 -nan -nan -nan -nan
0.92 -0.84 -nan -nan -nan -nan
0.96 -0.84 -nan -nan -nan -nan
1 -0.84 -nan -nan -nan -nan

-1 -0.8 1.225 0 -0 101327
-0.96 -0.8 1.225 0 0 101327
-0.92 -0.8 1.225 0 0 101327
-0.88 -0.8 1.225 0 0 101327
-0.84 -0.8 1.225 0 0 101327
-0.8 -0.8 1.225 0 0 101327
-0.76 -0.8 1.225 0 0 101327
-0.72 -0.8 1.225 0 0 101327
-0.68 -0.8 1.225 0 0 101327
-0.64 -0.8 1.225 0 0 101327
-0.6 -0.8 1.225 0 0 101327
-0.56 -0.8 1.225 0 0 101327
-0.52 -0.8 1.225 0 0 101327
-0.48 -0.8 1.225 0 0 101327
-0.44 -0.8 1.225 0 0 101327
-0.4 -0.8 1.225 0 0 101327
-0.36 -0.8 1.225 0 0 101327
-0.32 -0.8 1.225 0 0 101327
-0.28 -0.8 1.225 0 0 101327
-0.24 -0.8 1.225 0 0 101327
-0.2 -0.8 1.225 0 0 101327
-0.16 -0.8 1.225 0 0 101327
-0.12 -0.8 1.225 0 0 101327
-0.08 -0.8 1.225 0 0 101327
-0.04 -0.8 1.225 0 0 101327
0 -0.8 1.225 0 0 101327
0.04 -0.8 1.225 0 0 101327
0.08 -0.8 1.225 0 0 101327
0.12 -0.8 1.225 0 0 101327
0.16 -0.8 1.225 0 0 101327
0.2 -0.8 1.225 0 0 101327
0.24 -0.8 1.225 0 0 101327
0.28 -0.8 1.225 0 0 101327
0.32 -0.8 1.225 0 0 101327
0.36 -0.8 1.225 0 0 101327
0.4 -0.8 1.225 0 0 101327
0.44 -0.8 1.225 0 0 101327
0.48 -0.8 1.225 0 0 101327
0.52 -0.8 -nan -nan -nan -nan
0.56 -0.8 -nan -nan -nan -nan
0.6 -0.8 -nan -nan -nan -nan
0.64 -0.8 -nan -nan -nan -nan
0.68 -0.8 -nan -nan -nan -nan
0.72 -0.8 -nan -nan -nan -nan
0.76 -0.8 -nan -nan -nan -nan
0.8 -0.8 -nan -nan -nan -nan
0.84 -0.8 -nan -nan -nan -nan
0.88 -0.8 -nan -nan -nan -nan
0.92 -0.8 -nan -nan -nan -nan
0.96 -0.8 -nan -nan -nan -nan
1 -0.8 -nan -nan -nan -nan

-1 -0.76 1.225 0 -0 101327
-0.96 -0.76 1.225 0 0 101327
-0.92 -0.76 1.225 0 0 101327
-0.88 -0.76 1.225 0 0 101327
-0.84 -0.76 1.225 0 0 101327
-0.8 -0.76 1.225 0 0 101327
-0.76 -0.76 1.225 0 0 101327
-0.72 -0.76 1.225 0 0 101327
-0.68 -0.76 1.225 0 0 101327
-0.64 -0.76 1.225 0 0 101327
-0.6 -0.76 1.225 0 0 101327
-0.56 -0.76 1.225 0 0 101327
-0.52 -0.76 1.225 0 0 101327
-0.48 -0.76 1.225 0 0 101327
-0.44 -0.76 1.225 0 0 101327
-0.4 -0.76 1.225 0 0 101327
-0.36 -0.76 1.225 0 0 101327
-0.32 -0.76 1.225 0 0 101327
-0.28 -0.76 1.225 0 0 101327
-0.24 -0.76 1.225 0 0 101327
-0.2 -0.76 1.225 0 0 101327
-0.16 -0.76 1.225 0 0 101327
-0.12 -0.76 1.225 0 0 101327
-0.08 -0.76 1.225 0 0 101327
-0.04 -0.76 1.225 0 0 101327
0 -0.76 1.225 0 0 101327
0.04 -0.76 1.225 0 0 101327
0.08 -0.76 1.225 0 0 101327
0.12 -0.76 1.225 0 0 101327
0.16 -0.76 1.225 0 0 101327
0.2 -0.76 1.225 0 0 101327
0.24 -0.76 1.225 0 0 101327
0.28 -0.76 1.225 0 0 101327
0.32 -0.76 1.225 0 0 101327
0.36 -0.76 1.225 0 0 101327
0.4 -0.76 1.225 0 0 101327
0.44 -0.76 1.225 0 0 101327
0.48 -0.76 1.225 0 0 101327
0.52 -0.76 -nan -nan -nan -nan
0.56 -0.76 -nan -nan -nan -nan
0.6 -0.76 -nan -nan -nan -nan
0.64 -0.76 -nan -nan -nan -nan
0.68 -0.76 -nan -nan -nan -nan
0.72 -0.76 -nan -nan -nan -nan
0.76 -0.76 -nan -nan -nan -nan
0.8 -0.76 -nan -nan -nan -nan
0.84 -0.76 -nan -nan -nan -nan
0.88 -0.76 -nan -nan -nan -nan
0.92 -0.76 -nan -nan -nan -nan
0.96 -0.76 -nan -nan -nan -nan
1 -0.76 -nan -nan -nan -nan

-1 -0.72 1.225 0 -0 101327
-0.96 -0.72 1.225 0 0 101327
-0.92 -0.72 1.225 0 0 101327
-0.88 -0.72 1.225 0 0 101327
-0.84 -0.72 1.225 0 0 101327
-0.8 -0.72 1.225 0 0 101327
-0.76 -0.72 1.225 0 0 101327
-0.72 -0.72 1.225 0 0 101327
-0.68 -0.72 1.225 0 0 101327
-0.64 -0.72 1.225 0 0 101327
-0.6 -0.72 1.225 0 0 101327
-0.56 -0.72 1.225 0 0 101327
-0.52 -0.72 1.225 0 0 101327
-0.48 -0.72 1.225 0 0 101327
-0.44 -0.72 1.225 0 0 101327
-0.4 -0.72 1.225 0 0 101327
-0.36 -0.72 1.225 0 0 101327
-0.32 -0.72 1.225 0 0 101327
-0.28 -0.72 1.225 0 0 101327
-0.24 -0.72 1.225 0 0 101327
-0.2 -0.72 1.225 0 0 101327
-0.16 -0.72 1.225 0 0 101327
-0.12 -0.72 1.225 0 0 101327
-0.08 -0.72 1.225 0 0 101327
-0.04 -0.72 1.225 0 0 101327
0 -0.72 1.225 0 0 101327
0.04 -0.72 1.225 0 0 101327
0.08 -0.72 1.225 0 0 101327
0.12 -0.72 1.225 0 0 101327
0.16 -0.72 1.225 0 0 101327
0.2 -0.72 1.225 0 0 101327
0.24 -0.72 1.225 0 0 101327
0.28 -0.72 1.225 0 0 101327
0.32 -0.72 1.225 0 0 101327
0.36 -0.72 1.225 0 0 101327
0.4 -0.72 1.225 0 0 101327
0.44 -0.72 1.225 0 0 101327
0.48 -0.72 1.225 0 0 101327
0.52 -0.72 -nan -nan -nan -nan
0.56 -0.72 -nan -nan -nan -nan
0.6 -0.72 -nan -nan -nan -nan
0.64 -0.72 -nan -nan -nan -nan
0.68 -0.72 -nan -nan -nan -nan
0.72 -0.72 -nan -nan -nan -nan
0.76 -0.72 -nan -nan -nan -nan
0.8 -0.72 -nan -nan -nan -nan
0.84 -0.72 -nan -nan -nan -nan
0.88 -0.72 -nan -nan -nan -nan
0.92 -0.72 -nan -nan -nan -nan
0.96 -0.72 -nan -nan -nan -nan
1 -0.72 -nan -nan -nan -nan

-1 -0.68 1.225 0 -0 101327
-0.96 -0.68 1.225 0 0 101327
-0.92 -0.68 1.225 0 0 101327
-0.88 -0.68 1.225 0 0 101327
-0.84 -0.68 1.225 0 0 101327
-0.8 -0.68 1.225 0 0 101327
-0.76 -0.68 1.225 0 0 101327
-0.72 -0.68 1.225 0 0 101327
-0.68 -0.68 1.225 0 0 101327
-0.64 -0.68 1.225 0 0 101327
-0.6 -0.68 1.225 0 0 101327
-0.56 -0.68 1.225 0 0 101327
-0.52 -0.68 1.225 0 0 101327
-0.48 -0.68 1.225 0 0 101327
-0.44 -0.68 1.225 0 0 101327
-0.4 -0.68 1.225 0 0 101327
-0.36 -0.68 1.225 0 0 101327
-0.32 -0.68 1.225 0 0 101327
-0.28 -0.68 1.225 0 0 101327
-0.24 -0.68 1.225 0 0 101327
-0.2 -0.68 1.225 0 0 101327
-0.16 -0.68 1.225 0 0 101327
-0.12 -0.68 1.225 0 0 101327
-0.08 -0.68 1.225 0 0 101327
-0.04 -0.68 1.225 0 0 101327
0 -0.68 1.225 0 0 101327
0.04 -0.68 1.225 0 0 101327
0.08 -0.68 1.225 0 0 101327
0.12 -0.68 1.225 0 0 101327
0.16 -0.68 1.225 0 0 101327
0.2 -0.68 1.225 0 0 101327
0.24 -0.68 1.225 0 0 101327
0.28 -0.68 1.225 0 0 101327
0.32 -0.68 1.225 0 0 101327
0.36 -0.68 1.225 0 0 101327
0.4 -0.68 1.225 0 0 101327
0.44 -0.68 1.225 0 0 101327
0.48 -0.68 1.225 0 0 101327
0.52 -0.68 -nan -nan -nan -nan
0.56 -0.68 -nan -nan -nan -nan
0.6 -0.68 -nan -nan -nan -nan
0.64 -0.68 -nan -nan -nan -nan
0.68 -0.68 -nan -nan -nan -nan
0.72 -0.68 -nan -nan -nan -nan
0.76 -0.68 -nan -nan -nan -nan
0.8 -0.68 -nan -nan -nan -nan
0.84 -0.68 -nan -nan -nan -nan
0.88 -0.68 -nan -nan -nan -nan
0.92 -0.68 -nan -nan -nan -nan
0.96 -0.68 -nan -nan -nan -nan
1 -0.68 -nan -nan -nan -nan

-1 -0.64 1.225 0 -0 101327
-0.96 -0.64 1.225 0 0 101327
-0.92 -0.64 1.225 0 0 101327
-0.88 -0.64 1.225 0 0 101327
-0.84 -0.64 1.225 0 0 101327
-0.8 -0.64 1.225 0 0 101327
-0.76 -0.64 1.225 0 0 101327
-0.72 -0.64 1.225 0 0 101327
-0.68 -0.64 1.225 0 0 101327
-0.64 -0.64 1.225 0 0 101327
-0.6 -0.64 1.225 0 0 101327
-0.56 -0.64 1.225 0 0 101327
-0.52 -0.64 1.225 0 0 101327
-0.48 -0.64 1.225 0 0 101327
-0.44 -0.64 1.225 0 0 101327
-0.4 -0.64 1.225 0 0 101327
-0.36 -0.64 1.225 0 0 101327
-0.32 -0.64 1.225 0 0 101327
-0.28 -0.64 1.225 0 0 101327
-0.24 -0.64 1.225 0 0 101327
-0.2 -0.64 1.225 0 0 101327
-0.16 -0.64 1.225 0 0 101327
-0.12 -0.64 1.225 0 0 101327
-0.08 -0.64 1.225 0 0 101327
-0.04 -0.64 1.225 0 0 101327
0 -0.64 1.225 0 0 101327
0.04 -0.64 1.225 0 0 101327
0.08 -0.64 1.225 0 0 101327
0.12 -0.64 1.225 0 0 101327
0.16 -0.64 1.225 0 0 101327
0.2 -0.64 1.225 0 0 101327
0.24 -0.64 1.225 0 0 101327
0.28 -0.64 1.225 0 0 101327
0.32 -0.64 1.225 0 0 101327
0.36 -0.64 1.225 0 0 101327
0.4 -0.64 1.225 0 0 101327
0.44 -0.64 1.225 0 0 101327
0.48 -0.64 1.225 0 0 101327
0.52 -0.64 -nan -nan -nan -nan
0.56 -0.64 -nan -nan -nan -nan
0.6 -0.64 -nan -nan -nan -nan
0.64 -0.64 -nan -nan -nan -nan
0.68 -0.64 -nan -nan -nan -nan
0.72 -0.64 -nan -nan -nan -nan
0.76 -0.64 -nan -nan -nan -nan
0.8 -0.64 -nan -nan -nan -nan
0.84 -0.64 -nan -nan -nan -nan
0.88 -0.64 -nan -nan -nan -nan
0.92 -0.64 -nan -nan -nan -nan
0.96 -0.64 -nan -nan -nan -nan
1 -0.64 -nan -nan -nan -nan

-1 -0.6 1.225 0 -0 101327
-0.96 -0.6 1.225 0 0 101327
-0.92 -0.6 1.225 0 0 101327
-0.88 -0.6 1.225 0 0 101327
-0.84 -0.6 1.225 0 0 101327
-0.8 -0.6 1.225 0 0 101327
-0.76 -0.6 1.225 0 0 101327
-0.72 -0.6 1.225 0 0 101327
-0.68 -0.6 1.225 0 0 101327
-0.64 -0.6 1.225 0 0 101327
-0.6 -0.6 1.225 0 0 101327
-0.56 -0.6 1.225 0 0 101327
-0.52 -0.6 1.225 0 0 101327
-0.48 -0.6 1.225 0 0 101327
-0.44 -0.6 1.225 0 0 101327
-0.4 -0.6 1.225 0 0 101327
-0.36 -0.6 1.225 0 0 101327
-0.32 -0.6 1.225 0 0 101327
-0.28 -0.6 1.225 0 0 101327
-0.24 -0.6 1.225 0 0 101327
-0.2 -0.6 1.225 0 0 101327
-0.16 -0.6 1.225 0 0 101327
-0.12 -0.6 1.225 0 0 101327
-0.08 -0.6 1.225 0 0 101327
-0.04 -0.6 1.225 0 0 101327
0 -0.6 1.225 0 0 101327
0.04 -0.6 1.225 0 0 101327
0.08 -0.6 1.225 0 0 101327
0.12 -0.6 1.225 0 0 101327
0.16 -0.6 1.225 0 0 101327
0.2 -0.6 1.225 0 0 101327
0.24 -0.6 1.225 0 0 101327
0.28 -0.6 1.225 0 0 101327
0.32 -0.6 1.225 0 0 101327
0.36 -0.6 1.225 0 0 101327
0.4 -0.6 1.225 0 0 101327
0.44 -0.6 1.225 0 0 101327
0.48 -0.6 1.225 0 0 101327
0.52 -0.6 -nan -nan -nan -nan
0.56 -0.6 -nan -nan -nan -nan
0.6 -0.6 -nan -nan -nan -nan
0.64 -0.6 -nan -nan -nan -nan
0.68 -0.6 -nan -nan -nan -nan
0.72 -0.6 -nan -nan -nan -nan
0.76 -0.6 -nan -nan -nan -nan
0.8 -0.6 -nan -nan -nan -nan
0.84 -0.6 -nan -nan -nan -nan
0.88 -0.6 -nan -nan -nan -nan
0.92 -0.6 -nan -nan -nan -nan
0.96 -0.6 -nan -nan -nan -nan
1 -0.6 -nan -nan -nan -nan

-1 -0.56 1.225 0 -0 101327
-0.96 -0.56 1.225 0 0 101327
-0.92 -0.56 1.225 0 0 101327
-0.88 -0.56 1.225 0 0 101327
-0.84 -0.56 1.225 0 0 101327
-0.8 -0.56 1.225 0 0 101327
-0.76 -0.56 1.225 0 0 101327
-0.72 -0.56 1.225 0 0 101327
-0.68 -0.56 1.225 0 0 101327
-0.64 -0.56 1.225 0 0 101327
-0.6 -0.56 1.225 0 0 101327
-0.56 -0.56 1.225 0 0 101327
-0.52 -0.56 1.225 0 0 101327
-0.48 -0.56 1.225 0 0 101327
-0.44 -0.56 1.225 0 0 101327
-0.4 -0.56 1.225 0 0 101327
-0.36 -0.56 1.225 0 0 101327
-0.32 -0.56 1.225 0 0 101327
-0.28 -0.56 1.225 0 0 101327
-0.24 -0.56 1.225 0 0 101327
-0.2 -0.56 1.225 0 0 101327
-0.16 -0.56 1.225 0 0 101327
-0.12 -0.56 1.225 0 0 101327
-0.08 -0.56 1.225 0 0 101327
-0.04 -0.56 1.225 0 0 101327
0 -0.56 1.225 0 0 101327
0.04 -0.56 1.225 0 0 101327
0.08 -0.56 1.225 0 0 101327
0.12 -0.56 1.225 0 0 101327
0.16 -0.56 1.225 0 0 101327
0.2 -0.56 1.225 0 0 101327
0.24 -0.56 1.225 0 0 101327
0.28 -0.56 1.225 0 0 101327
0.32 -0.56 1.225 0 0 101327
0.36 -0.56 1.225 0 0 101327
0.4 -0.56 1.225 0 0 101327
0.44 -0.56 1.225 0 0 101327
0.48 -0.56 1.225 0 0 101327
0.52 -0.56 -nan -nan -nan -nan
0.56 -0.56 -nan -nan -nan -nan
0.6 -0.56 -nan -nan -nan -nan
0.64 -0.56 -nan -nan -nan -nan
0.68 -0.56 -nan -nan -nan -nan
0.72 -0.56 -nan -nan -nan -nan
0.76 -0.56 -nan -nan -nan -nan
0.8 -0.56 -nan -nan -nan -nan
0.84 -0.56 -nan -nan -nan -nan
0.88 -0.56 -nan -nan -nan -nan
0.92 -0.56 -nan -nan -nan -nan
0.96 -0.56 -nan -nan -nan -nan
1 -0.56 -nan -nan -nan -nan

-1 -0.52 1.225 0 -0 101327
-0.96 -0.52 1.225 0 0 101327
-0.92 -0.52 1.225 0 0 101327
-0.88 -0.52 1.225 0 0 101327
-0.84 -0.52 1.225 0 0 101327
-0.8 -0.52 1.225 0 0 101327
-0.76 -0.52 1.225 0 0 101327
-0.72 -0.52 1.225 0 0 101327
-0.68 -0.52 1.225 0 0 101327
-0.64 -0.52 1.225 0 0 101327
-0.6 -0.52 1.225 0 0 101327
-0.56 -0.52 1.225 0 0 101327
-0.52 -0.52 1.225 0 0 101327
-0.48 -0.52 1.225 0 0 101327
-0.44 -0.52 1.225 0 0 101327
-0.4 -0.52 1.225 0 0 101327
-0.36 -0.52 1.225 0 0 101327
-0.32 -0.52 1.225 0 0 101327
-0.28 -0.52 1.225 0 0 101327
-0.24 -0.52 1.225 0 0 101327
-0.2 -0.52 1.225 0 0 101327
-0.16 -0.52 1.225 0 0 101327
-0.12 -0.52 1.225 0 0 101327
-0.08 -0.52 1.225 0 0 101327
-0.04 -0.52 1.225 0 0 101327
0 -0.52 1.225 0 0 101327
0.04 -0.52 1.225 0 0 101327
0.08 -0.52 1.225 0 0 101327
0.12 -0.52 1.225 0 0 101327
0.16 -0.52 1.225 0 0 101327
0.2 -0.52 1.225 0 0 101327
0.24 -0.52 1.225 0 0 101327
0.28 -0.52 1.225 0 0 101327
0.32 -0.52 1.225 0 0 101327
0.36 -0.52 1.225 0 0 101327
0.4 -0.52 1.225 0 0 101327
0.44 -0.52 1.225 0 0 101327
0.48 -0.52 1.225 0 0 101327
0.52 -0.52 -nan -nan -nan -nan
0.56 -0.52 -nan -nan -nan -nan
0.6 -0.52 -nan -nan -nan -nan
0.64 -0.52 -nan -nan -nan -nan
0.68 -0.52 -nan -nan -nan -nan
0.72 -0.52 -nan -nan -nan -nan
0.76 -0.52 -nan -nan -nan -nan
0.8 -0.52 -nan -nan -nan -nan
0.84 -0.52 -nan -nan -nan -nan
0.88 -0.52 -nan -nan -nan -nan
0.92 -0.52 -nan -nan -nan -nan
0.96 -0.52 -nan -nan -nan -nan
1 -0.52 -nan -nan -nan -nan

-1 -0.48 1.225 0 -0 101327
-0.96 -0.48 1.225 0 0 101327
-0.92 -0.48 1.225 0 0 101327
-0.88 -0.48 1.225 0 0 101327
-0.84 -0.48 1.225 0 0 101327
-0.8 -0.48 1.225 0 0 101327
-0.76 -0.48 1.225 0 0 101327
-0.72 -0.48 1.225 0 0 101327
-0.68 -0.48 1.225 0 0 101327
-0.64 -0.48 1.225 0 0 101327
-0.6 -0.48 1.225 0 0 101327
-0.56 -0.48 1.225 0 0 101327
-0.52 -0.48 1.225 0 0 101327
-0.48 -0.48 1.225 0 0 101327
-0.44 -0.48 1.225 0 0 101327
-0.4 -0.48 1.225 0 0 101327
-0.36 -0.48 1.225 0 0 101327
-0.32 -0.48 1.225 0 0 101327
-0.28 -0.48 1.225 0 0 101327
-0.24 -0.48 1.225 0 0 101327
-0.2 -0.48 1.225 0 0 101327
-0.16 -0.48 1.225 0 0 101327
-0.12 -0.48 1.225 0 0 101327
-0.08 -0.48 1.225 0 0 101327
-0.04 -0.48 1.225 0 0 101327
0 -0.48 1.225 0 0 101327
0.04 -0.48 1.225 0 0 101327
0.08 -0.48 1.225 0 0 101327
0.12 -0.48 1.225 0 0 101327
0.16 -0.48 1.225 0 0 101327
0.2 -0.48 1.225 0 0 101327
0.24 -0.48 1.225 0 0 101327
0.28 -0.48 1.225 0 0 101327
0.32 -0.48 1.225 0 0 101327
0.36 -0.48 1.225 0 0 101327
0.4 -0.48 1.225 0 0 101327
0.44 -0.48 1.225 0 0 101327
0.48 -0.48 1.225 0 0 101327
0.52 -0.48 -nan -nan -nan -nan
0.56 -0.48 -nan -nan -nan -nan
0.6 -0.48 -nan -nan -nan -nan
0.64 -0.48 -nan -nan -nan -nan
0.68 -0.48 -nan -nan -nan -nan
0.72 -0.48 -nan -nan -nan -nan
0.76 -0.48 -nan -nan -nan -nan
0.8 -0.48 -nan -nan -nan -nan
0.84 -0.48 -nan -nan -nan -nan
0.88 -0.48 -nan -nan -nan -nan
0.92 -0.48 -nan -nan -nan -nan
0.96 -0.48 -nan -nan -nan -nan
1 -0.48 -nan -nan -nan -nan

-1 -0.44 1.225 0 -0 101327
-0.96 -0.44 1.225 0 0 101327
-0.92 -0.44 1.225 0 0 101327
-0.88 -0.44 1.225 0 0 101327
-0.84 -0.44 1.225 0 0 101327
-0.8 -0.44 1.225 0 0 101327
-0.76 -0.44 1.225 0 0 101327
-0.72 -0.44 1.225 0 0 101327
-0.68 -0.44 1.225 0 0 101327
-0.64 -0.44 1.225 0 0 101327
-0.6 -0.44 1.225 0 0 101327
-0.56 -0.44 1.225 0 0 101327
-0.52 -0.44 1.225 0 0 101327
-0.48 -0.44 1.225 0 0 101327
-0.44 -0.44 1.225 0 0 101327
-0.4 -0.44 1.225 0 0 101327
-0.36 -0.44 1.225 0 0 101327
-0.32 -0.44 1.225 0 0 101327
-0.28 -0.44 1.225 0 0 101327
-0.24 -0.44 1.225 0 0 101327
-0.2 -0.44 1.225 0 0 101327
-0.16 -0.44 1.225 0 0 101327
-0.12 -0.44 1.225 0 0 101327
-0.08 -0.44 1.225 0 0 101327
-0.04 -0.44 1.225 0 0 101327
0 -0.44 1.225 0 0 101327
0.04 -0.44 1.225 0 0 101327
0.08 -0.44 1.225 0 0 101327
0.12 -0.44 1.225 0 0 101327
0.16 -0.44 1.225 0 0 101327
0.2 -0.44 1.225 0 0 101327
0.24 -0.44 1.225 0 0 101327
0.28 -0.44 1.225 0 0 101327
0.32 -0.44 1.225 0 0 101327
0.36 -0.44 1.225 0 0 101327
0.4 -0.44 1.225 0 0 101327
0.44 -0.44 1.225 0 0 101327
0.48 -0.44 1.225 0 0 101327
0.52 -0.44 -nan -nan -nan -nan
0.56 -0.44 -nan -nan -nan -nan
0.6 -0.44 -nan -nan -nan -nan
0.64 -0.44 -nan -nan -nan -nan
0.68 -0.44 -nan -nan -nan -nan
0.72 -0.44 -nan -nan -nan -nan
0.76 -0.44 -nan -nan -nan -nan
0.8 -0.44 -nan -nan -nan -nan
0.84 -0.44 -nan -nan -nan -nan
0.88 -0.44 -nan -nan -nan -nan
0.92 -0.44 -nan -nan -nan -nan
0.96 -0.44 -nan -nan -nan -nan
1 -0.44 -nan -nan -nan -nan

-1 -0.4 1.225 0 -0 101327
-0.96 -0.4 1.225 0 0 101327
-0.92 -0.4 1.225 0 0 101327
-0.88 -0.4 1.225 0 0 101327
-0.84 -0.4 1.225 0 0 101327
-0.8 -0.4 1.225 0 0 101327
-0.76 -0.4 1.225 0 0 101327
-0.72 -0.4 1.225 0 0 101327
-0.68 -0.4 1.225 0 0 101327
-0.64 -0.4 1.225 0 0 101327
-0.6 -0.4 1.225 0 0 101327
-0.56 -0.4 1.225 0 0 101327
-0.52 -0.4 1.225 0 0 101327
-0.48 -0.4 1.225 0 0 101327
-0.44 -0.4 1.225 0 0 101327
-0.4 -0.4 1.225 0 0 101327
-0.36 -0.4 1.225 0 0 101327
-0.32 -0.4 1.225 0 0 101327
-0.28 -0.4 1.225 0 0 101327
-0.24 -0.4 1.225 0 0 101327
-0.2 -0.4 1.225 0 0 101327
-0.16 -0.4 1.225 0 0 101327
-0.12 -0.4 1.225 0 0 101327
-0.08 -0.4 1.225 0 0 101327
-0.04 -0.4 1.225 0 0 101327
0 -0.4 1.225 0 0 101327
0.04 -0.4 1.225 0 0 101327
0.08 -0.4 1.225 0 0 101327
0.12 -0.4 1.225 0 0 101327
0.16 -0.4 1.225 0 0 101327
0.2 -0.4 1.225 0 0 101327
0.24 -0.4 1.225 0 0 101327
0.28 -0.4 1.225 0 0 101327
0.32 -0.4 1.225 0 0 101327
0.36 -0.4 1.225 0 0 101327
0.4 -0.4 1.225 0 0 101327
0.44 -0.4 1.225 0 0 101327
0.48 -0.4 1.225 0 0 101327
0.52 -0.4 -nan -nan -nan -nan
0.56 -0.4 -nan -nan -nan -nan
0.6 -0.4 -nan -nan -nan -nan
0.64 -0.4 -nan -nan -nan -nan
0.68 -0.4 -nan -nan -nan -nan
0.72 -0.4 -nan -nan -nan -nan
0.76 -0.4 -nan -nan -nan -nan
0.8 -0.4 -nan -nan -nan -nan
0.84 -0.4 -nan -nan -nan -nan
0.88 -0.4 -nan -nan -nan -nan
0.92 -0.4 -nan -nan -nan -nan
0.96 -0.4 -nan -nan -nan -nan
1 -0.4 -nan -nan -nan -nan

-1 -0.36 1.225 0 -0 101327
-0.96 -0.36 1.225 0 0 101327
-0.92 -0.36 1.225 0 0 101327
-0.88 -0.36 1.225 0 0 101327
-0.84 -0.36 1.225 0 0 101327
-0.8 -0.36 1.225 0 0 101327
-0.76 -0.36 1.225 0 0 101327
-0.72 -0.36 1.225 0 0 101327
-0.68 -0.36 1.225 0 0 101327
-0.64 -0.36 1.225 0 0 101327
-0.6 -0.36 1.225 0 0 101327
-0.56 -0.36 1.225 0 0 101327
-0.52 -0.36 1.225 0 0 101327
-0.48 -0.36 1.225 0 0 101327
-0.44 -0.36 1.225 0 0 101327
-0.4 -0.36 1.225 0 0 101327
-0.36 -0.36 1.225 0 0 101327
-0.32 -0.36 1.225 0 0 101327
-0.28 -0.36 1.225 0 0 101327
-0.24 -0.36 1.225 0 0 101327
-0.2 -0.36 1.225 -1.271e-16 0 101327
-0.16 -0.36 1.225 -1.05757e-15 -3.5463e-15 101327
-0.12 -0.36 1.225 -5.21482e-15 -1.41852e-14 101327
-0.08 -0.36 1.225 -1.49025e-14 -6.38334e-14 101327
-0.04 -0.36 1.225 -3.08663e-14 -1.915e-13 101327
0 -0.36 1.225 -1.87337e-14 -3.47537e-13 101327
0.04 -0.36 1.225 1.79446e-14 -3.40445e-13 101327
0.08 -0.36 1.225 2.92363e-14 -2.02139e-13 101327
0.12 -0.36 1.225 1.6366e-14 -7.0926e-14 101327
0.16 -0.36 1.225 6.17099e-15 -1.41852e-14 101327
0.2 -0.36 1.225 1.05784e-15 -3.5463e-15 101327
0.24 -0.36 1.225 1.2796e-16 0 101327
0.28 -0.36 1.225 0 0 101327
0.32 -0.36 1.225 0 0 101327
0.36 -0.36 1.225 0 0 101327
0.4 -0.36 1.225 0 0 101327
0.44 -0.36 1.225 0 0 101327
0.48 -0.36 1.225 0 0 101327
0.52 -0.36 -nan -nan -nan -nan
0.56 -0.36 -nan -nan -nan -nan
0.6 -0.36 -nan -nan -nan -nan
0.64 -0.36 -nan -nan -nan -nan
0.68 -0.36 -nan -nan -nan -nan
0.72 -0.36 -nan -nan -nan -nan
0.76 -0.36 -nan -nan -nan -nan
0.8 -0.36 -nan -nan -nan -nan
0.84 -0.36 -nan -nan -nan -nan
0.88 -0.36 -nan -nan -nan -nan
0.92 -0.36 -nan -nan -nan -nan
0.96 -0.36 -nan -nan -nan -nan
1 -0.36 -nan -nan -nan -nan

-1 -0.32 1.225 0 -0 101327
-0.96 -0.32 1.225 0 0 101327
-0.92 -0.32 1.225 0 0 101327
-0.88 -0.32 1.225 0 0 101327
-0.84 -0.32 1.225 0 0 101327
-0.8 -0.32 1.225 0 0 101327
-0.76 -0.32 1.225 0 0 101327
-0.72 -0.32 1.225 0 0 101327
-0.68 -0.32 1.225 0 0 101327
-0.64 -0.32 1.225 0 0 101327
-0.6 -0.32 1.225 0 0 101327
-0.56 -0.32 1.225 0 0 101327
-0.52 -0.32 1.225 0 0 101327
-0.48 -0.32 1.225 0 0 101327
-0.44 -0.32 1.225 0 0 101327
-0.4 -0.32 1.225 0 0 101327
-0.36 -0.32 1.225 0 0 101327
-0.32 -0.32 1.225 -1.18801e-13 -1.41852e-13 101327
-0.28 -0.32 1.225 -8.35248e-10 -1.12704e-09 101327
-0.24 -0.32 1.225 -3.35956e-08 -5.14263e-08 101327
-0.2 -0.32 1.225 -5.90867e-07 -1.04692e-06 101327
-0.16 -0.32 1.225 -5.95274e-06 -1.25094e-05 101327
-0.12 -0.32 1.225 -3.75134e-05 -9.70525e-05 101327
-0.08 -0.32 1.225 -0.000164347 -0.000504609 101327
-0.04 -0.32 1.22501 -0.000363043 -0.00199406 101327
0 -0.32 1.22501 -0.00019073 -0.00378876 101328
0.04 -0.32 1.22501 0.000173366 -0.0037997 101328
0.08 -0.32 1.22501 0.000375358 -0.0020912 101328
0.12 -0.32 1.225 0.000176333 -0.000474593 101327
0.16 -0.32 1.225 3.30154e-05 -6.90179e-05 101327
0.2 -0.32 1.225 3.80937e-06 -6.51275e-06 101327
0.24 -0.32 1.225 2.67874e-07 -3.88528e-07 101327
0.28 -0.32 1.225 1.07061e-08 -1.32966e-08 101327
0.32 -0.32 1.225 2.73947e-10 -7.78129e-11 101327
0.36 -0.32 1.225 -7.19673e-13 7.06884e-11 101327
0.4 -0.32 1.225 2.41873e-14 -4.61019e-14 101327
0.44 -0.32 1.225 0 0 101327
0.48 -0.32 1.225 0 0 101327
0.52 -0.32 -nan -nan -nan -nan
0.56 -0.32 -nan -nan -nan -nan
0.6 -0.32 -nan -nan -nan -nan
0.64 -0.32 -nan -nan -nan -nan
0.68 -0.32 -nan -nan -nan -nan
0.72 -0.32 -nan -nan -nan -nan
0.76 -0.32 -nan -nan -nan -nan
0.8 -0.32 -nan -nan -nan -nan
0.84 -0.32 -nan -nan -nan -nan
0.88 -0.32 -nan -nan -nan -nan
0.92 -0.32 -nan -nan -nan -nan
0.96 -0.32 -nan -nan -nan -nan
1 -0.32 -nan -nan -nan -nan

-1 -0.28 1.225 0 -0 101327
-0.96 -0.28 1.225 0 0 101327
-0.92 -0.28 1.225 0 0 101327
-0.88 -0.28 1.225 0 0 101327
-0.84 -0.28 1.225 0 0 101327
-0.8 -0.28 1.225 0 0 101327
-0.76 -0.28 1.225 0 0 101327
-0.72 -0.28 1.225 0 0 101327
-0.68 -0.28 1.225 0 0 101327
-0.64 -0.28 1.225 0 0 101327
-0.6 -0.28 1.225 0 0 101327
-0.56 -0.28 1.225 0 0 101327
-0.52 -0.28 1.225 0 0 101327
-0.48 -0.28 1.225 0 0 101327
-0.44 -0.28 1.225 0 0 101327
-0.4 -0.28 1.225 0 0 101327
-0.36 -0.28 1.225 0 0 101327
-0.32 -0.28 1.225 -7.07064e-10 -9.75489e-10 101327
-0.28 -0.28 1.225 -1.20645e-07 -1.68682e-07 101327
-0.24 -0.28 1.225 -4.41536e-06 -6.87353e-06 101327
-0.2 -0.28 1.225 -7.96169e-05 -0.000141437 101327
-0.16 -0.28 1.22501 -0.000862135 -0.00178941 101327
-0.12 -0.28 1.22505 -0.00599554 -0.0150693 101333
-0.08 -0.28 1.22527 -0.0289556 -0.0860705 101363
-0.04 -0.28 1.22607 -0.0689243 -0.368699 101477
0 -0.28 1.22717 -0.0346684 -0.73052 101632
0.04 -0.28 1.22707 0.0380858 -0.705307 101619
0.08 -0.28 1.22606 0.0673615 -0.35607 101475
0.12 -0.28 1.22524 0.0285056 -0.0733983 101358
0.16 -0.28 1.22503 0.00483533 -0.00991785 101331
0.2 -0.28 1.225 0.000523847 -0.000892691 101327
0.24 -0.28 1.225 3.57978e-05 -5.22669e-05 101327
0.28 -0.28 1.225 1.4333e-06 -1.83414e-06 101327
0.32 -0.28 1.225 2.76035e-08 -3.07113e-08 101327
0.36 -0.28 1.225 1.53516e-10 1.76846e-10 101327
0.4 -0.28 1.225 -6.79962e-13 2.20289e-11 101327
0.44 -0.28 1.225 2.74836e-14 -5.05539e-14 101327
0.48 -0.28 1.225 0 2.00969e-22 101327
0.52 -0.28 -nan -nan -nan -nan
0.56 -0.28 -nan -nan -nan -nan
0.6 -0.28 -nan -nan -nan -nan
0.64 -0.28 -nan -nan -nan -nan
0.68 -0.28 -nan -nan -nan -nan
0.72 -0.28 -nan -nan -nan -nan
0.76 -0.28 -nan -nan -nan -nan
0.8 -0.28 -nan -nan -nan -nan
0.84 -0.28 -nan -nan -nan -nan
0.88 -0.28 -nan -nan -nan -nan
0.92 -0.28 -nan -nan -nan -nan
0.96 -0.28 -nan -nan -nan -nan
1 -0.28 -nan -nan -nan -nan

-1 -0.24 1.225 0 -0 101327
-0.96 -0.24 1.225 0 0 101327
-0.92 -0.24 1.225 0 0 101327
-0.88 -0.24 1.225 0 0 101327
-0.84 -0.24 1.225 0 0 101327
-0.8 -0.24 1.225 0 0 101327
-0.76 -0.24 1.225 0 0 101327
-0.72 -0.24 1.225 0 0 101327
-0.68 -0.24 1.225 0 0 101327
-0.64 -0.24 1.225 0 0 101327
-0.6 -0.24 1.225 0 0 101327
-0.56 -0.24 1.225 0 0 101327
-0.52 -0.24 1.225 0 0 101327
-0.48 -0.24 1.225 0 0 101327
-0.44 -0.24 1.225 0 0 101327
-0.4 -0.24 1.225 0 0 101327
-0.36 -0.24 1.225 0 0 101327
-0.32 -0.24 1.225 -1.26586e-08 -1.4895e-08 101327
-0.28 -0.24 1.225 -1.94912e-06 -2.35611e-06 101327
-0.24 -0.24 1.225 -7.09866e-05 -9.53578e-05 101327
-0.2 -0.24 1.22501 -0.00129431 -0.00198253 101328
-0.16 -0.24 1.22509 -0.0145535 -0.0259523 101339
-0.12 -0.24 1.22573 -0.109883 -0.234943 101430
-0.08 -0.24 1.22926 -0.599585 -1.5182 101979
-0.04 -0.24 1.24372 -1.6275 -7.44552 104482
0 -0.24 1.26646 -0.82777 -16.3757 108583
0.04 -0.24 1.26231 1.09072 -14.6422 107724
0.08 -0.24 1.24184 1.43794 -6.38333 104067
0.12 -0.24 1.22857 0.543075 -1.18201 101848
0.16 -0.24 1.22551 0.0852973 -0.149805 101396
0.2 -0.24 1.22505 0.00888092 -0.0130421 101333
0.24 -0.24 1.225 0.000596432 -0.00075333 101327
0.28 -0.24 1.225 2.3783e-05 -2.6435e-05 101327
0.32 -0.24 1.225 4.5611e-07 -4.54354e-07 101327
0.36 -0.24 1.225 1.90925e-09 -9.54392e-10 101327
0.4 -0.24 1.225 -2.32206e-12 1.62226e-10 101327
0.44 -0.24 1.225 8.68844e-14 -6.33834e-14 101327
0.48 -0.24 1.225 0 1.19293e-20 101327
0.52 -0.24 -nan -nan -nan -nan
0.56 -0.24 -nan -nan -nan -nan
0.6 -0.24 -nan -nan -nan -nan
0.64 -0.24 -nan -nan -nan -nan
0.68 -0.24 -nan -nan -nan -nan
0.72 -0.24 -nan -nan -nan -nan
0.76 -0.24 -nan -nan -nan -nan
0.8 -0.24 -nan -nan -nan -nan
0.84 -0.24 -nan -nan -nan -nan
0.88 -0.24 -nan -nan -nan -nan
0.92 -0.24 -nan -nan -nan -nan
0.96 -0.24 -nan -nan -nan -nan
1 -0.24 -nan -nan -nan -nan

-1 -0.2 1.225 0 -0 101327
-0.96 -0.2 1.225 0 0 101327
-0.92 -0.2 1.225 0 0 101327
-0.88 -0.2 1.225 0 0 101327
-0.84 -0.2 1.225 0 0 101327
-0.8 -0.2 1.225 0 0 101327
-0.76 -0.2 1.225 0 0 101327
-0.72 -0.2 1.225 0 0 101327
-0.68 -0.2 1.225 0 0 101327
-0.64 -0.2 1.225 0 0 101327
-0.6 -0.2 1.225 0 0 101327
-0.56 -0.2 1.225 0 0 101327
-0.52 -0.2 1.225 0 0 101327
-0.48 -0.2 1.225 0 0 101327
-0.44 -0.2 1.225 0 0 101327
-0.4 -0.2 1.225 0 0 101327
-0.36 -0.2 1.225 0 0 101327
-0.32 -0.2 1.225 -1.06389e-07 -1.06227e-07 101327
-0.28 -0.2 1.225 -1.58049e-05 -1.62798e-05 101327
-0.24 -0.2 1.225 -0.000570249 -0.000651948 101327
-0.2 -0.2 1.22505 -0.0103112 -0.0134356 101333
-0.16 -0.2 1.22558 -0.116277 -0.175348 101410
-0.12 -0.2 1.22967 -0.898205 -1.61684 102065
-0.08 -0.2 1.25638 -5.19475 -11.0372 106371
-0.04 -0.2 1.36678 -15.3311 -60.4172 129755
0 -0.2 1.56585 -7.82869 -140.767 176354
0.04 -0.2 1.50811 11.2304 -118.419 159820
0.08 -0.2 1.34489 12.4179 -44.2701 122797
0.12 -0.2 1.24843 4.56166 -8.46509 105247
0.16 -0.2 1.22855 0.712348 -1.06522 101841
0.2 -0.2 1.22536 0.0739391 -0.0924757 101374
0.24 -0.2 1.22502 0.00496401 -0.00534145 101330
0.28 -0.2 1.225 0.000197923 -0.000187791 101327
0.32 -0.2 1.225 3.81353e-06 -3.25938e-06 101327
0.36 -0.2 1.225 1.44676e-08 -1.07186e-08 101327
0.4 -0.2 1.225 -2.72273e-12 3.88408e-10 101327
0.44 -0.2 1.225 1.14368e-13 1.71867e-14 101327
0.48 -0.2 1.225 0 1.5814e-20 101327
0.52 -0.2 -nan -nan -nan -nan
0.56 -0.2 -nan -nan -nan -nan
0.6 -0.2 -nan -nan -nan -nan
0.64 -0.2 -nan -nan -nan -nan
0.68 -0.2 -nan -nan -nan -nan
0.72 -0.2 -nan -nan -nan -nan
0.76 -0.2 -nan -nan -nan -nan
0.8 -0.2 -nan -nan -nan -nan
0.84 -0.2 -nan -nan -nan -nan
0.88 -0.2 -nan -nan -nan -nan
0.92 -0.2 -nan -nan -nan -nan
0.96 -0.2 -nan -nan -nan -nan
1 -0.2 -nan -nan -nan -nan

-1 -0.16 1.225 0 -0 101327
-0.96 -0.16 1.225 0 0 101327
-0.92 -0.16 1.225 0 0 101327
-0.88 -0.16 1.225 0 0 101327
-0.84 -0.16 1.225 0 0 101327
-0.8 -0.16 1.225 0 0 101327
-0.76 -0.16 1.225 0 0 101327
-0.72 -0.16 1.225 0 0 101327
-0.68 -0.16 1.225 0 0 101327
-0.64 -0.16 1.225 0 0 101327
-0.6 -0.16 1.225 0 0 101327
-0.56 -0.16 1.225 0 0 101327
-0.52 -0.16 1.225 0 0 101327
-0.48 -0.16 1.225 0 0 101327
-0.44 -0.16 1.225 0 0 101327
-0.4 -0.16 1.225 0 0 101327
-0.36 -0.16 1.225 0 -5.36434e-18 101327
-0.32 -0.16 1.225 -5.71161e-07 -4.80134e-07 101327
-0.28 -0.16 1.225 -8.29632e-05 -7.20619e-05 101327
-0.24 -0.16 1.22501 -0.00293805 -0.00282203 101328
-0.2 -0.16 1.22521 -0.0518441 -0.0564439 101357
-0.16 -0.16 1.22728 -0.569118 -0.704426 101686
-0.12 -0.16 1.24409 -4.2257 -6.55558 104386
-0.08 -0.16 1.30763 -24.5808 -44.5765 122401
-0.04 -0.16 1.48494 -74.2626 -196.77 215382
0 -0.16 1.8276 -34.2596 -370.548 390838
0.04 -0.16 1.70228 52.1811 -310.201 318450
0.08 -0.16 1.50778 55.7425 -156.383 186668
0.12 -0.16 1.31991 20.9252 -32.9415 118110
0.16 -0.16 1.23992 3.68409 -4.59763 103721
0.2 -0.16 1.22663 0.39107 -0.411667 101552
0.24 -0.16 1.22511 0.026491 -0.0240215 101341
0.28 -0.16 1.225 0.00106394 -0.000852019 101327
0.32 -0.16 1.225 2.06297e-05 -1.49064e-05 101327
0.36 -0.16 1.225 7.67026e-08 -5.2586e-08 101327
0.4 -0.16 1.225 -1.3851e-12 5.21748e-10 101327
0.44 -0.16 1.225 8.33381e-14 4.84514e-14 101327
0.48 -0.16 1.225 0 1.66902e-22 101327
0.52 -0.16 -nan -nan -nan -nan
0.56 -0.16 -nan -nan -nan -nan
0.6 -0.16 -nan -nan -nan -nan
0.64 -0.16 -nan -nan -nan -nan
0.68 -0.16 -nan -nan -nan -nan
0.72 -0.16 -nan -nan -nan -nan
0.76 -0.16 -nan -nan -nan -nan
0.8 -0.16 -nan -nan -nan -nan
0.84 -0.16 -nan -nan -nan -nan
0.88 -0.16 -nan -nan -nan -nan
0.92 -0.16 -nan -nan -nan -nan
0.96 -0.16 -nan -nan -nan -nan
1 -0.16 -nan -nan -nan -nan

-1 -0.12 1.225 0 -0 101327
-0.96 -0.12 1.225 0 0 101327
-0.92 -0.12 1.225 0 0 101327
-0.88 -0.12 1.225 0 0 101327
-0.84 -0.12 1.225 0 0 101327
-0.8 -0.12 1.225 0 0 101327
-0.76 -0.12 1.225 0 0 101327
-0.72 -0.12 1.225 0 0 101327
-0.68 -0.12 1.225 0 0 101327
-0.64 -0.12 1.225 0 0 101327
-0.6 -0.12 1.225 0 0 101327
-0.56 -0.12 1.225 0 0 101327
-0.52 -0.12 1.225 0 0 101327
-0.48 -0.12 1.225 0 0 101327
-0.44 -0.12 1.225 0 0 101327
-0.4 -0.12 1.225 0 0 101327
-0.36 -0.12 1.225 0 -9.39079e-17 101327
-0.32 -0.12 1.225 -2.19818e-06 -1.55953e-06 101327
-0.28 -0.12 1.225 -0.000313049 -0.000230664 101327
-0.24 -0.12 1.22504 -0.0107697 -0.00885368 101332
-0.2 -0.12 1.22563 -0.182894 -0.172904 101422
-0.16 -0.12 1.23138 -1.89684 -2.06794 102383
-0.12 -0.12 1.25768 -13.261 -15.7757 109441
-0.08 -0.12 1.28773 -67.0743 -80.276 146707
-0.04 -0.12 1.23958 -166.256 -268.49 260243
0 -0.12 1.46778 -67.0418 -427.627 466903
0.04 -0.12 1.37494 103.449 -363.464 367601
0.08 -0.12 1.4229 130.637 -231.34 248645
0.12 -0.12 1.39301 66.4053 -84.0938 149661
0.16 -0.12 1.27031 12.9738 -13.8774 108784
0.2 -0.12 1.23026 1.46112 -1.32122 102091
0.24 -0.12 1.22538 0.100784 -0.0774889 101376
0.28 -0.12 1.22502 0.00410585 -0.00277583 101329
0.32 -0.12 1.225 8.03036e-05 -4.87904e-05 101327
0.36 -0.12 1.225 2.98209e-07 -1.75393e-07 101327
0.4 -0.12 1.225 -3.39087e-13 5.39713e-10 101327
0.44 -0.12 1.225 3.45764e-14 3.9065e-14 101327
0.48 -0.12 1.225 0 1.46814e-23 101327
0.52 -0.12 -nan -nan -nan -nan
0.56 -0.12 -nan -nan -nan -nan
0.6 -0.12 -nan -nan -nan -nan
0.64 -0.12 -nan -nan -nan -nan
0.68 -0.12 -nan -nan -nan -nan
0.72 -0.12 -nan -nan -nan -nan
0.76 -0.12 -nan -nan -nan -nan
0.8 -0.12 -nan -nan -nan -nan
0.84 -0.12 -nan -nan -nan -nan
0.88 -0.12 -nan -nan -nan -nan
0.92 -0.12 -nan -nan -nan -nan
0.96 -0.12 -nan -nan -nan -nan
1 -0.12 -nan -nan -nan -nan

-1 -0.08 1.225 0 -0 101327
-0.96 -0.08 1.225 0 0 101327
-0.92 -0.08 1.225 0 0 101327
-0.88 -0.08 1.225 0 0 101327
-0.84 -0.08 1.225 0 0 101327
-0.8 -0.08 1.225 0 0 101327
-0.76 -0.08 1.225 0 0 101327
-0.72 -0.08 1.225 0 0 101327
-0.68 -0.08 1.225 0 0 101327
-0.64 -0.08 1.225 0 0 101327
-0.6 -0.08 1.225 0 0 101327
-0.56 -0.08 1.225 0 0 101327
-0.52 -0.08 1.225 0 0 101327
-0.48 -0.08 1.225 0 0 101327
-0.44 -0.08 1.225 0 0 101327
-0.4 -0.08 1.225 0 0 101327
-0.36 -0.08 1.225 0 -4.41108e-16 101327
-0.32 -0.08 1.225 -6.49606e-06 -3.58299e-06 101327
-0.28 -0.08 1.225 -0.000910628 -0.000510954 101327
-0.24 -0.08 1.22509 -0.0305186 -0.018167 101340
-0.2 -0.08 1.22634 -0.502151 -0.321711 101552
-0.16 -0.08 1.23472 -4.9063 -3.40252 103600
-0.12 -0.08 1.25021 -30.5411 -22.2539 116738
-0.08 -0.08 1.13074 -111.929 -86.0056 157909
-0.04 -0.08 0.764989 -285.872 -237.821 235591
0 -0.08 0.873053 -107.328 -331.714 412704
0.04 -0.08 0.79601 171.906 -287.233 308266
0.08 -0.08 1.0847 207.069 -225.263 261443
0.12 -0.08 1.33155 128.062 -111.555 178476
0.16 -0.08 1.29752 36.0215 -24.7455 118578
0.2 -0.08 1.23786 4.19763 -2.68993 103271
0.24 -0.08 1.22598 0.293973 -0.171816 101459
0.28 -0.08 1.22504 0.012161 -0.00642137 101332
0.32 -0.08 1.225 0.000239851 -0.000115925 101327
0.36 -0.08 1.225 8.91452e-07 -4.19386e-07 101327
0.4 -0.08 1.225 -2.40626e-15 5.42718e-10 101327
0.44 -0.08 1.225 7.0926e-15 8.63804e-15 101327
0.48 -0.08 1.225 0 0 101327
0.52 -0.08 -nan -nan -nan -nan
0.56 -0.08 -nan -nan -nan -nan
0.6 -0.08 -nan -nan -nan -nan
0.64 -0.08 -nan -nan -nan -nan
0.68 -0.08 -nan -nan -nan -nan
0.72 -0.08 -nan -nan -nan -nan
0.76 -0.08 -nan -nan -nan -nan
0.8 -0.08 -nan -nan -nan -nan
0.84 -0.08 -nan -nan -nan -nan
0.88 -0.08 -nan -nan -nan -nan
0.92 -0.08 -nan -nan -nan -nan
0.96 -0.08 -nan -nan -nan -nan
1 -0.08 -nan -nan -nan -nan

-1 -0.04 1.225 0 -0 101327
-0.96 -0.04 1.225 0 0 101327
-0.92 -0.04 1.225 0 0 101327
-0.88 -0.04 1.225 0 0 101327
-0.84 -0.04 1.225 0 0 101327
-0.8 -0.04 1.225 0 0 101327
-0.76 -0.04 1.225 0 0 101327
-0.72 -0.04 1.225 0 0 101327
-0.68 -0.04 1.225 0 0 101327
-0.64 -0.04 1.225 0 0 101327
-0.6 -0.04 1.225 0 0 101327
-0.56 -0.04 1.225 0 0 101327
-0.52 -0.04 1.225 0 0 101327
-0.48 -0.04 1.225 0 0 101327
-0.44 -0.04 1.225 0 0 101327
-0.4 -0.04 1.225 0 0 101327
-0.36 -0.04 1.225 0 -2.06736e-16 101327
-0.32 -0.04 1.225 -1.4683e-05 -4.65542e-06 101327
-0.28 -0.04 1.22501 -0.00200443 -0.000643252 101327
-0.24 -0.04 1.22516 -0.0634969 -0.0212585 101352
-0.2 -0.04 1.22706 -0.976837 -0.341102 101716
-0.16 -0.04 1.2352 -8.68173 -3.18 104893
-0.12 -0.04 1.2213 -48.553 -19.3718 122180
-0.08 -0.04 0.912733 -141.478 -66.9227 150566
-0.04 -0.04 0.425702 -431.024 -157.541 193578
0 -0.04 0.520248 -148.09 -184.85 354061
0.04 -0.04 0.437204 266.429 -150.39 248931
0.08 -0.04 0.69929 276.228 -164.635 221423
0.12 -0.04 1.16674 177.517 -89.3806 187336
0.16 -0.04 1.29723 64.4052 -24.5636 127792
0.2 -0.04 1.24638 8.66693 -3.05891 104866
0.24 -0.04 1.22688 0.648436 -0.215686 101587
0.28 -0.04 1.22509 0.0274368 -0.00837231 101338
0.32 -0.04 1.225 0.000550255 -0.000155451 101327
0.36 -0.04 1.225 2.04992e-06 -5.64634e-07 101327
0.4 -0.04 1.225 7.5009e-13 5.40415e-10 101327
0.44 -0.04 1.225 8.86575e-16 5.96642e-16 101327
0.48 -0.04 1.225 0 0 101327
0.52 -0.04 -nan -nan -nan -nan
0.56 -0.04 -nan -nan -nan -nan
0.6 -0.04 -nan -nan -nan -nan
0.64 -0.04 -nan -nan -nan -nan
0.68 -0.04 -nan -nan -nan -nan
0.72 -0.04 -nan -nan -nan -nan
0.76 -0.04 -nan -nan -nan -nan
0.8 -0.04 -nan -nan -nan -nan
0.84 -0.04 -nan -nan -nan -nan
0.88 -0.04 -nan -nan -nan -nan
0.92 -0.04 -nan -nan -nan -nan
0.96 -0.04 -nan -nan -nan -nan
1 -0.04 -nan -nan -nan -nan

-1 0 1.225 0 -0 101327
-0.96 0 1.225 0 0 101327
-0.92 0 1.225 0 0 101327
-0.88 0 1.225 0 0 101327
-0.84 0 1.225 0 0 101327
-0.8 0 1.225 0 0 101327
-0.76 0 1.225 0 0 101327
-0.72 0 1.225 0 0 101327
-0.68 0 1.225 0 0 101327
-0.64 0 1.225 0 0 101327
-0.6 0 1.225 0 0 101327
-0.56 0 1.225 0 0 101327
-0.52 0 1.225 0 0 101327
-0.48 0 1.225 0 0 101327
-0.44 0 1.225 0 0 101327
-0.4 0 1.225 0 0 101327
-0.36 0 1.225 0 3.14105e-16 101327
-0.32 0 1.225 -2.06281e-05 -1.93007e-06 101327
-0.28 0 1.22501 -0.00278064 -0.00026714 101328
-0.24 0 1.22519 -0.0855506 -0.00892458 101359
-0.2 0 1.22733 -1.26698 -0.14388 101801
-0.16 0 1.23384 -10.6582 -1.34632 105405
-0.12 0 1.19409 -56.7429 -8.3966 123051
-0.08 0 0.807731 -154.089 -23.8834 145170
-0.04 0 0.335298 -489.438 -53.3422 178683
0 0 0.431377 -154.543 -65.0794 328281
0.04 0 0.343426 302.548 -54.8709 220850
0.08 0 0.56406 312.223 -51.2289 205636
0.12 0 1.03964 201.554 -35.7073 181974
0.16 0 1.28181 78.5345 -10.7926 130515
0.2 0 1.25006 11.5828 -1.28532 105768
0.24 0 1.22743 0.900158 -0.0900148 101672
0.28 0 1.22512 0.0384899 -0.00342877 101342
0.32 0 1.225 0.000778166 -6.24081e-05 101327
0.36 0 1.225 2.90182e-06 -2.25071e-07 101327
0.4 0 1.225 1.99373e-12 4.01645e-10 101327
0.44 0 1.225 0 3.48763e-19 101327
0.48 0 1.225 0 0 101327
0.52 0 -nan -nan -nan -nan
0.56 0 -nan -nan -nan -nan
0.6 0 -nan -nan -nan -nan
0.64 0 -nan -nan -nan -nan
0.68 0 -nan -nan -nan -nan
0.72 0 -nan -nan -nan -nan
0.76 0 -nan -nan -nan -nan
0.8 0 -nan -nan -nan -nan
0.84 0 -nan -nan -nan -nan
0.88 0 -nan -nan -nan -nan
0.92 0 -nan -nan -nan -nan
0.96 0 -nan -nan -nan -nan
1 0 -nan -nan -nan -nan

-1 0.04 1.225 0 -0 101327
-0.96 0.04 1.225 0 0 101327
-0.92 0.04 1.225 0 0 101327
-0.88 0.04 1.225 0 0 101327
-0.84 0.04 1.225 0 0 101327
-0.8 0.04 1.225 0 0 101327
-0.76 0.04 1.225 0 0 101327
-0.72 0.04 1.225 0 0 101327
-0.68 0.04 1.225 0 0 101327
-0.64 0.04 1.225 0 0 101327
-0.6 0.04 1.225 0 0 101327
-0.56 0.04 1.225 0 0 101327
-0.52 0.04 1.225 0 0 101327
-0.48 0.04 1.225 0 0 101327
-0.44 0.04 1.225 0 0 101327
-0.4 0.04 1.225 0 0 101327
-0.36 0.04 1.225 0 -3.20105e-16 101327
-0.32 0.04 1.225 -2.04956e-05 1.85925e-06 101327
-0.28 0.04 1.22501 -0.00276144 0.000257211 101328
-0.24 0.04 1.22519 -0.0848916 0.00856515 101359
-0.2 0.04 1.22731 -1.25582 0.138593 101796
-0.16 0.04 1.23374 -10.5616 1.28229 105362
-0.12 0.04 1.19366 -56.3152 7.95661 122835
-0.08 0.04 0.81157 -153.234 23.3402 145123
-0.04 0.04 0.343479 -481.257 62.9362 180092
0 0.04 0.441892 -152.695 75.4253 331885
0.04 0.04 0.352859 297.111 64.2333 223535
0.08 0.04 0.573313 308.024 55.871 206946
0.12 0.04 1.03985 200.669 34.0738 181305
0.16 0.04 1.2808 77.85 10.4396 130093
0.2 0.04 1.24975 11.4847 1.243 105722
0.24 0.04 1.22741 0.893875 0.0867334 101669
0.28 0.04 1.22511 0.0382397 0.00331469 101342
0.32 0.04 1.225 0.00077351 6.05582e-05 101327
0.36 0.04 1.225 2.88432e-06 2.20106e-07 101327
0.4 0.04 1.225 2.02171e-12 1.48475e-10 101327
0.44 0.04 1.225 0 9.56177e-20 101327
0.48 0.04 1.225 0 0 101327
0.52 0.04 -nan -nan -nan -nan
0.56 0.04 -nan -nan -nan -nan
0.6 0.04 -nan -nan -nan -nan
0.64 0.04 -nan -nan -nan -nan
0.68 0.04 -nan -nan -nan -nan
0.72 0.04 -nan -nan -nan -nan
0.76 0.04 -nan -nan -nan -nan
0.8 0.04 -nan -nan -nan -nan
0.84 0.04 -nan -nan -nan -nan
0.88 0.04 -nan -nan -nan -nan
0.92 0.04 -nan -nan -nan -nan
0.96 0.04 -nan -nan -nan -nan
1 0.04 -nan -nan -nan -nan

-1 0.08 1.225 0 -0 101327
-0.96 0.08 1.225 0 0 101327
-0.92 0.08 1.225 0 0 101327
-0.88 0.08 1.225 0 0 101327
-0.84 0.08 1.225 0 0 101327
-0.8 0.08 1.225 0 0 101327
-0.76 0.08 1.225 0 0 101327
-0.72 0.08 1.225 0 0 101327
-0.68 0.08 1.225 0 0 101327
-0.64 0.08 1.225 0 0 101327
-0.6 0.08 1.225 0 0 101327
-0.56 0.08 1.225 0 0 101327
-0.52 0.08 1.225 0 0 101327
-0.48 0.08 1.225 0 0 101327
-0.44 0.08 1.225 0 0 101327
-0.4 0.08 1.225 0 0 101327
-0.36 0.08 1.225 0 2.06336e-16 101327
-0.32 0.08 1.225 -1.5041e-05 4.52079e-06 101327
-0.28 0.08 1.22501 -0.00205641 0.000620648 101328
-0.24 0.08 1.22516 -0.0651733 0.0204376 101353
-0.2 0.08 1.22708 -0.999236 0.328632 101723
-0.16 0.08 1.23497 -8.82235 3.10496 104922
-0.12 0.08 1.21993 -49.0504 19.252 122123
-0.08 0.08 0.906153 -141.639 66.896 150032
-0.04 0.08 0.43551 -426.217 151.619 195900
0 0.08 0.535077 -145.558 184.761 358624
0.04 0.08 0.44864 262.334 154.001 251678
0.08 0.08 0.693918 279.061 162.134 221152
0.12 0.08 1.16018 176.626 90.008 185169
0.16 0.08 1.29596 65.3201 24.0574 127832
0.2 0.08 1.24664 8.86692 2.94669 104936
0.24 0.08 1.22691 0.664877 0.208059 101593
0.28 0.08 1.22509 0.0281479 0.00807895 101338
0.32 0.08 1.225 0.000564076 0.000150243 101327
0.36 0.08 1.225 2.09972e-06 5.48113e-07 101327
0.4 0.08 1.225 7.92597e-13 5.66683e-12 101327
0.44 0.08 1.225 0 0 101327
0.48 0.08 1.225 0 0 101327
0.52 0.08 -nan -nan -nan -nan
0.56 0.08 -nan -nan -nan -nan
0.6 0.08 -nan -nan -nan -nan
0.64 0.08 -nan -nan -nan -nan
0.68 0.08 -nan -nan -nan -nan
0.72 0.08 -nan -nan -nan -nan
0.76 0.08 -nan -nan -nan -nan
0.8 0.08 -nan -nan -nan -nan
0.84 0.08 -nan -nan -nan -nan
0.88 0.08 -nan -nan -nan -nan
0.92 0.08 -nan -nan -nan -nan
0.96 0.08 -nan -nan -nan -nan
1 0.08 -nan -nan -nan -nan

-1 0.12 1.225 0 -0 101327
-0.96 0.12 1.225 0 0 101327
-0.92 0.12 1.225 0 0 101327
-0.88 0.12 1.225 0 0 101327
-0.84 0.12 1.225 0 0 101327
-0.8 0.12 1.225 0 0 101327
-0.76 0.12 1.225 0 0 101327
-0.72 0.12 1.225 0 0 101327
-0.68 0.12 1.225 0 0 101327
-0.64 0.12 1.225 0 0 101327
-0.6 0.12 1.225 0 0 101327
-0.56 0.12 1.225 0 0 101327
-0.52 0.12 1.225 0 0 101327
-0.48 0.12 1.225 0 0 101327
-0.44 0.12 1.225 0 0 101327
-0.4 0.12 1.225 0 0 101327
-0.36 0.12 1.225 0 4.43745e-16 101327
-0.32 0.12 1.225 -6.77456e-06 3.84691e-06 101327
-0.28 0.12 1.225 -0.000956642 0.000547574 101327
-0.24 0.12 1.22509 -0.032213 0.0193593 101341
-0.2 0.12 1.22637 -0.529017 0.338893 101561
-0.16 0.12 1.23477 -5.13594 3.51909 103683
-0.12 0.12 1.24954 -31.5943 22.3279 117066
-0.08 0.12 1.12262 -113.119 85.9842 157647
-0.04 0.12 0.740632 -290.752 238.33 231884
0 0.12 0.851473 -108.731 332.637 408961
0.04 0.12 0.770599 175.93 288.21 304760
0.08 0.12 1.06581 209.888 225.217 258759
0.12 0.12 1.32766 130.581 111.006 179336
0.16 0.12 1.29779 37.5989 25.4373 119136
0.2 0.12 1.23825 4.42901 2.84561 103355
0.24 0.12 1.22602 0.30919 0.183546 101464
0.28 0.12 1.22504 0.0127607 0.00690288 101332
0.32 0.12 1.225 0.000250246 0.000125206 101327
0.36 0.12 1.225 9.27936e-07 4.54164e-07 101327
0.4 0.12 1.225 7.62455e-14 2.46432e-13 101327
0.44 0.12 1.225 0 0 101327
0.48 0.12 1.225 0 0 101327
0.52 0.12 -nan -nan -nan -nan
0.56 0.12 -nan -nan -nan -nan
0.6 0.12 -nan -nan -nan -nan
0.64 0.12 -nan -nan -nan -nan
0.68 0.12 -nan -nan -nan -nan
0.72 0.12 -nan -nan -nan -nan
0.76 0.12 -nan -nan -nan -nan
0.8 0.12 -nan -nan -nan -nan
0.84 0.12 -nan -nan -nan -nan
0.88 0.12 -nan -nan -nan -nan
0.92 0.12 -nan -nan -nan -nan
0.96 0.12 -nan -nan -nan -nan
1 0.12 -nan -nan -nan -nan

-1 0.16 1.225 0 -0 101327
-0.96 0.16 1.225 0 0 101327
-0.92 0.16 1.225 0 0 101327
-0.88 0.16 1.225 0 0 101327
-0.84 0.16 1.225 0 0 101327
-0.8 0.16 1.225 0 0 101327
-0.76 0.16 1.225 0 0 101327
-0.72 0.16 1.225 0 0 101327
-0.68 0.16 1.225 0 0 101327
-0.64 0.16 1.225 0 0 101327
-0.6 0.16 1.225 0 0 101327
-0.56 0.16 1.225 0 0 101327
-0.52 0.16 1.225 0 0 101327
-0.48 0.16 1.225 0 0 101327
-0.44 0.16 1.225 0 0 101327
-0.4 0.16 1.225 0 0 101327
-0.36 0.16 1.225 0 6.62299e-17 101327
-0.32 0.16 1.225 -1.81956e-06 1.65728e-06 101327
-0.28 0.16 1.225 -0.000265441 0.00024801 101327
-0.24 0.16 1.22504 -0.00940747 0.00957866 101332
-0.2 0.16 1.22563 -0.165044 0.185941 101418
-0.16 0.16 1.23168 -1.79692 2.18391 102377
-0.12 0.16 1.25908 -13.0869 16.3832 109555
-0.08 0.16 1.28971 -68.6868 81.4446 147435
-0.04 0.16 1.22795 -170.213 268.691 263104
0 0.16 1.44742 -68.694 424.41 472958
0.04 0.16 1.35413 106.308 361.294 371826
0.08 0.16 1.42483 132.043 232.699 249847
0.12 0.16 1.39815 68.7265 86.9245 151671
0.16 0.16 1.273 12.3726 14.9005 108910
0.2 0.16 1.23017 1.29879 1.42806 102054
0.24 0.16 1.22535 0.0863383 0.0835514 101372
0.28 0.16 1.22501 0.00344366 0.00297121 101328
0.32 0.16 1.225 6.60396e-05 5.17152e-05 101327
0.36 0.16 1.225 2.44285e-07 1.85911e-07 101327
0.4 0.16 1.225 5.31945e-15 8.71304e-15 101327
0.44 0.16 1.225 0 0 101327
0.48 0.16 1.225 0 0 101327
0.52 0.16 -nan -nan -nan -nan
0.56 0.16 -nan -nan -nan -nan
0.6 0.16 -nan -nan -nan -nan
0.64 0.16 -nan -nan -nan -nan
0.68 0.16 -nan -nan -nan -nan
0.72 0.16 -nan -nan -nan -nan
0.76 0.16 -nan -nan -nan -nan
0.8 0.16 -nan -nan -nan -nan
0.84 0.16 -nan -nan -nan -nan
0.88 0.16 -nan -nan -nan -nan
0.92 0.16 -nan -nan -nan -nan
0.96 0.16 -nan -nan -nan -nan
1 0.16 -nan -nan -nan -nan

-1 0.2 1.225 0 -0 101327
-0.96 0.2 1.225 0 0 101327
-0.92 0.2 1.225 0 0 101327
-0.88 0.2 1.225 0 0 101327
-0.84 0.2 1.225 0 0 101327
-0.8 0.2 1.225 0 0 101327
-0.76 0.2 1.225 0 0 101327
-0.72 0.2 1.225 0 0 101327
-0.68 0.2 1.225 0 0 101327
-0.64 0.2 1.225 0 0 101327
-0.6 0.2 1.225 0 0 101327
-0.56 0.2 1.225 0 0 101327
-0.52 0.2 1.225 0 0 101327
-0.48 0.2 1.225 0 0 101327
-0.44 0.2 1.225 0 0 101327
-0.4 0.2 1.225 0 0 101327
-0.36 0.2 1.225 0 3.54713e-17 101327
-0.32 0.2 1.225 -3.5282e-07 3.79988e-07 101327
-0.28 0.2 1.225 -5.31599e-05 5.89259e-05 101327
-0.24 0.2 1.22501 -0.00196381 0.00240023 101328
-0.2 0.2 1.22519 -0.0364684 0.0500882 101351
-0.16 0.2 1.22721 -0.433946 0.669757 101638
-0.12 0.2 1.24532 -3.62245 6.81165 104247
-0.08 0.2 1.3131 -24.4812 46.562 123280
-0.04 0.2 1.49621 -75.7462 198.942 217411
0 0.2 1.83466 -34.6715 373.408 394642
0.04 0.2 1.71672 52.7939 312.103 319984
0.08 0.2 1.51814 56.9536 160.442 189717
0.12 0.2 1.32619 19.0559 34.3066 117516
0.16 0.2 1.23924 2.83326 4.26282 103388
0.2 0.2 1.22636 0.27121 0.356459 101504
0.24 0.2 1.22508 0.0173407 0.019887 101337
0.28 0.2 1.225 0.000668722 0.00068097 101327
0.32 0.2 1.225 1.25589e-05 1.15769e-05 101327
0.36 0.2 1.225 4.66852e-08 4.21213e-08 101327
0.4 0.2 1.225 0 6.67031e-17 101327
0.44 0.2 1.225 0 0 101327
0.48 0.2 1.225 0 0 101327
0.52 0.2 -nan -nan -nan -nan
0.56 0.2 -nan -nan -nan -nan
0.6 0.2 -nan -nan -nan -nan
0.64 0.2 -nan -nan -nan -nan
0.68 0.2 -nan -nan -nan -nan
0.72 0.2 -nan -nan -nan -nan
0.76 0.2 -nan -nan -nan -nan
0.8 0.2 -nan -nan -nan -nan
0.84 0.2 -nan -nan -nan -nan
0.88 0.2 -nan -nan -nan -nan
0.92 0.2 -nan -nan -nan -nan
0.96 0.2 -nan -nan -nan -nan
1 0.2 -nan -nan -nan -nan

-1 0.24 1.225 0 -0 101327
-0.96 0.24 1.225 0 0 101327
-0.92 0.24 1.225 0 0 101327
-0.88 0.24 1.225 0 0 101327
-0.84 0.24 1.225 0 0 101327
-0.8 0.24 1.225 0 0 101327
-0.76 0.24 1.225 0 0 101327
-0.72 0.24 1.225 0 0 101327
-0.68 0.24 1.225 0 0 101327
-0.64 0.24 1.225 0 0 101327
-0.6 0.24 1.225 0 0 101327
-0.56 0.24 1.225 0 0 101327
-0.52 0.24 1.225 0 0 101327
-0.48 0.24 1.225 0 0 101327
-0.44 0.24 1.225 0 0 101327
-0.4 0.24 1.225 0 0 101327
-0.36 0.24 1.225 0 0 101327
-0.32 0.24 1.225 -4.61743e-08 5.959e-08 101327
-0.28 0.24 1.225 -7.17829e-06 9.47059e-06 101327
-0.24 0.24 1.225 -0.000271767 0.000398008 101327
-0.2 0.24 1.22503 -0.00522383 0.00866642 101331
-0.16 0.24 1.22543 -0.0644207 0.121582 101381
-0.12 0.24 1.22897 -0.560829 1.24181 101868
-0.08 0.24 1.25747 -3.77695 9.57575 105520
-0.04 0.24 1.37675 -12.6121 62.0991 127931
0 0.24 1.58428 -6.71674 146.054 172490
0.04 0.24 1.52544 9.67461 122.448 157401
0.08 0.24 1.35211 9.80279 42.5842 120555
0.12 0.24 1.2452 3.03112 6.63161 104279
0.16 0.24 1.22755 0.401237 0.730589 101661
0.2 0.24 1.22522 0.0371524 0.0582513 101354
0.24 0.24 1.22501 0.00231343 0.00316327 101328
0.28 0.24 1.225 8.75163e-05 0.000105956 101327
0.32 0.24 1.225 1.62003e-06 1.77103e-06 101327
0.36 0.24 1.225 6.76441e-09 7.17285e-09 101327
0.4 0.24 1.225 0 0 101327
0.44 0.24 1.225 0 0 101327
0.48 0.24 1.225 0 0 101327
0.52 0.24 -nan -nan -nan -nan
0.56 0.24 -nan -nan -nan -nan
0.6 0.24 -nan -nan -nan -nan
0.64 0.24 -nan -nan -nan -nan
0.68 0.24 -nan -nan -nan -nan
0.72 0.24 -nan -nan -nan -nan
0.76 0.24 -nan -nan -nan -nan
0.8 0.24 -nan -nan -nan -nan
0.84 0.24 -nan -nan -nan -nan
0.88 0.24 -nan -nan -nan -nan
0.92 0.24 -nan -nan -nan -nan
0.96 0.24 -nan -nan -nan -nan
1 0.24 -nan -nan -nan -nan

-1 0.28 1.225 0 -0 101327
-0.96 0.28 1.225 0 0 101327
-0.92 0.28 1.225 0 0 101327
-0.88 0.28 1.225 0 0 101327
-0.84 0.28 1.225 0 0 101327
-0.8 0.28 1.225 0 0 101327
-0.76 0.28 1.225 0 0 101327
-0.72 0.28 1.225 0 0 101327
-0.68 0.28 1.225 0 0 101327
-0.64 0.28 1.225 0 0 101327
-0.6 0.28 1.225 0 0 101327
-0.56 0.28 1.225 0 0 101327
-0.52 0.28 1.225 0 0 101327
-0.48 0.28 1.225 0 0 101327
-0.44 0.28 1.225 0 0 101327
-0.4 0.28 1.225 0 0 101327
-0.36 0.28 1.225 0 0 101327
-0.32 0.28 1.225 -3.17376e-09 6.06454e-09 101327
-0.28 0.28 1.225 -5.87571e-07 9.20678e-07 101327
-0.24 0.28 1.225 -2.23761e-05 3.89525e-05 101327
-0.2 0.28 1.225 -0.000431509 0.000855643 101327
-0.16 0.28 1.22504 -0.00523702 0.0120152 101332
-0.12 0.28 1.2254 -0.0436081 0.118766 101378
-0.08 0.28 1.22773 -0.262294 0.846392 101682
-0.04 0.28 1.2388 -0.768428 4.51797 103200
0 0.28 1.2555 -0.405209 10.3454 105717
0.04 0.28 1.25306 0.528201 9.28403 105231
0.08 0.28 1.23664 0.678321 3.80754 102918
0.12 0.28 1.22704 0.229423 0.622654 101594
0.16 0.28 1.22525 0.0316395 0.0700183 101358
0.2 0.28 1.22502 0.00295929 0.00554298 101329
0.24 0.28 1.225 0.000183947 0.000298876 101327
0.28 0.28 1.225 6.95227e-06 9.96906e-06 101327
0.32 0.28 1.225 1.29147e-07 1.66293e-07 101327
0.36 0.28 1.225 1.02128e-09 1.01915e-09 101327
0.4 0.28 1.225 0 0 101327
0.44 0.28 1.225 0 0 101327
0.48 0.28 1.225 0 0 101327
0.52 0.28 -nan -nan -nan -nan
0.56 0.28 -nan -nan -nan -nan
0.6 0.28 -nan -nan -nan -nan
0.64 0.28 -nan -nan -nan -nan
0.68 0.28 -nan -nan -nan -nan
0.72 0.28 -nan -nan -nan -nan
0.76 0.28 -nan -nan -nan -nan
0.8 0.28 -nan -nan -nan -nan
0.84 0.28 -nan -nan -nan -nan
0.88 0.28 -nan -nan -nan -nan
0.92 0.28 -nan -nan -nan -nan
0.96 0.28 -nan -nan -nan -nan
1 0.28 -nan -nan -nan -nan

-1 0.32 1.225 0 -0 101327
-0.96 0.32 1.225 0 0 101327
-0.92 0.32 1.225 0 0 101327
-0.88 0.32 1.225 0 0 101327
-0.84 0.32 1.225 0 0 101327
-0.8 0.32 1.225 0 0 101327
-0.76 0.32 1.225 0 0 101327
-0.72 0.32 1.225 0 0 101327
-0.68 0.32 1.225 0 0 101327
-0.64 0.32 1.225 0 0 101327
-0.6 0.32 1.225 0 0 101327
-0.56 0.32 1.225 0 0 101327
-0.52 0.32 1.225 0 0 101327
-0.48 0.32 1.225 0 0 101327
-0.44 0.32 1.225 0 0 101327
-0.4 0.32 1.225 0 0 101327
-0.36 0.32 1.225 0 0 101327
-0.32 0.32 1.225 3.33116e-10 3.61063e-10 101327
-0.28 0.32 1.225 -2.13909e-08 4.26142e-08 101327
-0.24 0.32 1.225 -8.54272e-07 1.74873e-06 101327
-0.2 0.32 1.225 -1.60079e-05 3.73053e-05 101327
-0.16 0.32 1.225 -0.00018076 0.000491674 101327
-0.12 0.32 1.22502 -0.00131072 0.00431547 101329
-0.08 0.32 1.22509 -0.00653438 0.0255954 101337
-0.04 0.32 1.22537 -0.0160646 0.11265 101373
0 0.32 1.22575 -0.00830474 0.225682 101420
0.04 0.32 1.22573 0.00851315 0.222239 101418
0.08 0.32 1.22537 0.0161957 0.111794 101373
0.12 0.32 1.22508 0.00655607 0.0219818 101336
0.16 0.32 1.22501 0.00104646 0.0027908 101328
0.2 0.32 1.225 0.000106232 0.000235724 101327
0.24 0.32 1.225 6.83587e-06 1.30148e-05 101327
0.28 0.32 1.225 2.61347e-07 4.35468e-07 101327
0.32 0.32 1.225 5.51792e-09 7.93418e-09 101327
0.36 0.32 1.225 6.6236e-11 7.96577e-11 101327
0.4 0.32 1.225 0 0 101327
0.44 0.32 1.225 0 0 101327
0.48 0.32 1.225 0 0 101327
0.52 0.32 -nan -nan -nan -nan
0.56 0.32 -nan -nan -nan -nan
0.6 0.32 -nan -nan -nan -nan
0.64 0.32 -nan -nan -nan -nan
0.68 0.32 -nan -nan -nan -nan
0.72 0.32 -nan -nan -nan -nan
0.76 0.32 -nan -nan -nan -nan
0.8 0.32 -nan -nan -nan -nan
0.84 0.32 -nan -nan -nan -nan
0.88 0.32 -nan -nan -nan -nan
0.92 0.32 -nan -nan -nan -nan
0.96 0.32 -nan -nan -nan -nan
1 0.32 -nan -nan -nan -nan

-1 0.36 1.225 0 -0 101327
-0.96 0.36 1.225 0 0 101327
-0.92 0.36 1.225 0 0 101327
-0.88 0.36 1.225 0 0 101327
-0.84 0.36 1.225 0 0 101327
-0.8 0.36 1.225 0 0 101327
-0.76 0.36 1.225 0 0 101327
-0.72 0.36 1.225 0 0 101327
-0.68 0.36 1.225 0 0 101327
-0.64 0.36 1.225 0 0 101327
-0.6 0.36 1.225 0 0 101327
-0.56 0.36 1.225 0 0 101327
-0.52 0.36 1.225 0 0 101327
-0.48 0.36 1.225 0 0 101327
-0.44 0.36 1.225 0 0 101327
-0.4 0.36 1.225 0 0 101327
-0.36 0.36 1.225 0 0 101327
-0.32 0.36 1.225 3.36889e-11 -2.69562e-12 101327
-0.28 0.36 1.225 6.63586e-10 2.11246e-10 101327
-0.24 0.36 1.225 -1.67735e-09 7.28135e-09 101327
-0.2 0.36 1.225 -5.40879e-08 1.33412e-07 101327
-0.16 0.36 1.225 -5.70801e-07 1.6173e-06 101327
-0.12 0.36 1.225 -3.64876e-06 1.27724e-05 101327
-0.08 0.36 1.225 -1.60116e-05 6.71825e-05 101327
-0.04 0.36 1.225 -3.56906e-05 0.000266763 101327
0 0.36 1.225 -1.80021e-05 0.00050171 101327
0.04 0.36 1.225 1.63167e-05 0.000504447 101327
0.08 0.36 1.225 3.71181e-05 0.000277873 101327
0.12 0.36 1.225 1.704e-05 6.23245e-05 101327
0.16 0.36 1.225 3.14195e-06 8.85089e-06 101327
0.2 0.36 1.225 3.55966e-07 8.12374e-07 101327
0.24 0.36 1.225 2.55489e-08 4.8148e-08 101327
0.28 0.36 1.225 1.67186e-09 2.34031e-09 101327
0.32 0.36 1.225 6.59185e-11 7.88201e-11 101327
0.36 0.36 1.225 4.25556e-14 5.67408e-14 101327
0.4 0.36 1.225 0 0 101327
0.44 0.36 1.225 0 0 101327
0.48 0.36 1.225 0 0 101327
0.52 0.36 -nan -nan -nan -nan
0.56 0.36 -nan -nan -nan -nan
0.6 0.36 -nan -nan -nan -nan
0.64 0.36 -nan -nan -nan -nan
0.68 0.36 -nan -nan -nan -nan
0.72 0.36 -nan -nan -nan -nan
0.76 0.36 -nan -nan -nan -nan
0.8 0.36 -nan -nan -nan -nan
0.84 0.36 -nan -nan -nan -nan
0.88 0.36 -nan -nan -nan -nan
0.92 0.36 -nan -nan -nan -nan
0.96 0.36 -nan -nan -nan -nan
1 0.36 -nan -nan -nan -nan

-1 0.4 1.225 0 -0 101327
-0.96 0.4 1.225 0 0 101327
-0.92 0.4 1.225 0 0 101327
-0.88 0.4 1.225 0 0 101327
-0.84 0.4 1.225 0 0 101327
-0.8 0.4 1.225 0 0 101327
-0.76 0.4 1.225 0 0 101327
-0.72 0.4 1.225 0 0 101327
-0.68 0.4 1.225 0 0 101327
-0.64 0.4 1.225 0 0 101327
-0.6 0.4 1.225 0 0 101327
-0.56 0.4 1.225 0 0 101327
-0.52 0.4 1.225 0 0 101327
-0.48 0.4 1.225 0 0 101327
-0.44 0.4 1.225 0 0 101327
-0.4 0.4 1.225 0 0 101327
-0.36 0.4 1.225 0 0 101327
-0.32 0.4 1.225 7.97918e-15 1.00655e-13 101327
-0.28 0.4 1.225 1.66907e-11 -2.45697e-12 101327
-0.24 0.4 1.225 5.47583e-10 -5.4519e-12 101327
-0.2 0.4 1.225 1.11016e-09 -1.42488e-12 101327
-0.16 0.4 1.225 1.16034e-09 6.20983e-12 101327
-0.12 0.4 1.225 1.16469e-09 1.22092e-11 101327
-0.08 0.4 1.225 1.16315e-09 2.36793e-11 101327
-0.04 0.4 1.225 1.17091e-09 3.33933e-11 101327
0 0.4 1.225 1.14972e-09 -3.28447e-11 101327
0.04 0.4 1.225 3.75549e-11 -3.32299e-12 101327
0.08 0.4 1.225 1.47084e-12 5.13843e-13 101327
0.12 0.4 1.225 1.20575e-13 2.03045e-13 101327
0.16 0.4 1.225 1.97136e-14 4.25556e-14 101327
0.2 0.4 1.225 3.02425e-15 7.0926e-15 101327
0.24 0.4 1.225 2.26423e-16 0 101327
0.28 0.4 1.225 0 0 101327
0.32 0.4 1.225 0 0 101327
0.36 0.4 1.225 0 0 101327
0.4 0.4 1.225 0 0 101327
0.44 0.4 1.225 0 0 101327
0.48 0.4 1.225 0 0 101327
0.52 0.4 -nan -nan -nan -nan
0.56 0.4 -nan -nan -nan -nan
0.6 0.4 -nan -nan -nan -nan
0.64 0.4 -nan -nan -nan -nan
0.68 0.4 -nan -nan -nan -nan
0.72 0.4 -nan -nan -nan -nan
0.76 0.4 -nan -nan -nan -nan
0.8 0.4 -nan -nan -nan -nan
0.84 0.4 -nan -nan -nan -nan
0.88 0.4 -nan -nan -nan -nan
0.92 0.4 -nan -nan -nan -nan
0.96 0.4 -nan -nan -nan -nan
1 0.4 -nan -nan -nan -nan

-1 0.44 1.225 0 -0 101327
-0.96 0.44 1.225 0 0 101327
-0.92 0.44 1.225 0 0 101327
-0.88 0.44 1.225 0 0 101327
-0.84 0.44 1.225 0 0 101327
-0.8 0.44 1.225 0 0 101327
-0.76 0.44 1.225 0 0 101327
-0.72 0.44 1.225 0 0 101327
-0.68 0.44 1.225 0 0 101327
-0.64 0.44 1.225 0 0 101327
-0.6 0.44 1.225 0 0 101327
-0.56 0.44 1.225 0 0 101327
-0.52 0.44 1.225 0 0 101327
-0.48 0.44 1.225 0 0 101327
-0.44 0.44 1.225 0 0 101327
-0.4 0.44 1.225 0 0 101327
-0.36 0.44 1.225 0 0 101327
-0.32 0.44 1.225 0 0 101327
-0.28 0.44 1.225 -9.33771e-15 1.09935e-13 101327
-0.24 0.44 1.225 -1.03408e-14 1.95047e-13 101327
-0.2 0.44 1.225 4.25052e-15 1.98593e-13 101327
-0.16 0.44 1.225 9.1043e-15 4.96482e-14 101327
-0.12 0.44 1.225 4.13053e-15 1.77315e-14 101327
-0.08 0.44 1.225 1.20114e-15 3.5463e-15 101327
-0.04 0.44 1.225 -1.15522e-14 2.83704e-14 101327
0 0.44 1.225 -5.84478e-15 2.73065e-13 101327
0.04 0.44 1.225 1.15774e-14 2.19871e-13 101327
0.08 0.44 1.225 8.24673e-15 1.41852e-14 101327
0.12 0.44 1.225 0 0 101327
0.16 0.44 1.225 0 0 101327
0.2 0.44 1.225 0 0 101327
0.24 0.44 1.225 0 0 101327
0.28 0.44 1.225 0 0 101327
0.32 0.44 1.225 0 0 101327
0.36 0.44 1.225 0 0 101327
0.4 0.44 1.225 0 0 101327
0.44 0.44 1.225 0 0 101327
0.48 0.44 1.225 0 0 101327
0.52 0.44 -nan -nan -nan -nan
0.56 0.44 -nan -nan -nan -nan
0.6 0.44 -nan -nan -nan -nan
0.64 0.44 -nan -nan -nan -nan
0.68 0.44 -nan -nan -nan -nan
0.72 0.44 -nan -nan -nan -nan
0.76 0.44 -nan -nan -nan -nan
0.8 0.44 -nan -nan -nan -nan
0.84 0.44 -nan -nan -nan -nan
0.88 0.44 -nan -nan -nan -nan
0.92 0.44 -nan -nan -nan -nan
0.96 0.44 -nan -nan -nan -nan
1 0.44 -nan -nan -nan -nan

-1 0.48 1.225 0 -0 101327
-0.96 0.48 1.225 0 0 101327
-0.92 0.48 1.225 0 0 101327
-0.88 0.48 1.225 0 0 101327
-0.84 0.48 1.225 0 0 101327
-0.8 0.48 1.225 0 0 101327
-0.76 0.48 1.225 0 0 101327
-0.72 0.48 1.225 0 0 101327
-0.68 0.48 1.225 0 0 101327
-0.64 0.48 1.225 0 0 101327
-0.6 0.48 1.225 0 0 101327
-0.56 0.48 1.225 0 0 101327
-0.52 0.48 1.225 0 0 101327
-0.48 0.48 1.225 0 0 101327
-0.44 0.48 1.225 0 0 101327
-0.4 0.48 1.225 0 0 101327
-0.36 0.48 1.225 0 0 101327
-0.32 0.48 1.225 0 0 101327
-0.28 0.48 1.225 2.02891e-20 0 101327
-0.24 0.48 1.225 2.60772e-20 0 101327
-0.2 0.48 1.225 2.13675e-21 0 101327
-0.16 0.48 1.225 2.45259e-22 0 101327
-0.12 0.48 1.225 0 0 101327
-0.08 0.48 1.225 0 0 101327
-0.04 0.48 1.225 3.13668e-20 0 101327
0 0.48 1.225 8.32416e-21 0 101327
0.04 0.48 1.225 0 0 101327
0.08 0.48 1.225 0 0 101327
0.12 0.48 1.225 0 0 101327
0.16 0.48 1.225 0 0 101327
0.2 0.48 1.225 0 0 101327
0.24 0.48 1.225 0 0 101327
0.28 0.48 1.225 0 0 101327
0.32 0.48 1.225 0 0 101327
0.36 0.48 1.225 0 0 101327
0.4 0.48 1.225 0 0 101327
0.44 0.48 1.225 0 0 101327
0.48 0.48 1.225 0 0 101327
0.52 0.48 -nan -nan -nan -nan
0.56 0.48 -nan -nan -nan -nan
0.6 0.48 -nan -nan -nan -nan
0.64 0.48 -nan -nan -nan -nan
0.68 0.48 -nan -nan -nan -nan
0.72 0.48 -nan -nan -nan -nan
0.76 0.48 -nan -nan -nan -nan
0.8 0.48 -nan -nan -nan -nan
0.84 0.48 -nan -nan -nan -nan
0.88 0.48 -nan -nan -nan -nan
0.92 0.48 -nan -nan -nan -nan
0.96 0.48 -nan -nan -nan -nan
1 0.48 -nan -nan -nan -nan

-1 0.52 1.225 0 -0 101327
-0.96 0.52 1.225 0 0 101327
-0.92 0.52 1.225 0 0 101327
-0.88 0.52 1.225 0 0 101327
-0.84 0.52 1.225 0 0 101327
-0.8 0.52 1.225 0 0 101327
-0.76 0.52 1.225 0 0 101327
-0.72 0.52 1.225 0 0 101327
-0.68 0.52 1.225 0 0 101327
-0.64 0.52 1.225 0 0 101327
-0.6 0.52 1.225 0 0 101327
-0.56 0.52 1.225 0 0 101327
-0.52 0.52 1.225 0 0 101327
-0.48 0.52 1.225 0 0 101327
-0.44 0.52 1.225 0 0 101327
-0.4 0.52 1.225 0 0 101327
-0.36 0.52 1.225 0 0 101327
-0.32 0.52 1.225 0 0 101327
-0.28 0.52 1.225 0 0 101327
-0.24 0.52 1.225 0 0 101327
-0.2 0.52 1.225 0 0 101327
-0.16 0.52 1.225 0 0 101327
-0.12 0.52 1.225 0 0 101327
-0.08 0.52 1.225 0 0 101327
-0.04 0.52 1.225 0 0 101327
0 0.52 1.225 0 0 101327
0.04 0.52 1.225 0 0 101327
0.08 0.52 1.225 0 0 101327
0.12 0.52 1.225 0 0 101327
0.16 0.52 1.225 0 0 101327
0.2 0.52 1.225 0 0 101327
0.24 0.52 1.225 0 0 101327
0.28 0.52 1.225 0 0 101327
0.32 0.52 1.225 0 0 101327
0.36 0.52 1.225 0 0 101327
0.4 0.52 1.225 0 0 101327
0.44 0.52 1.225 0 0 101327
0.48 0.52 1.225 0 0 101327
0.52 0.52 -nan -nan -nan -nan
0.56 0.52 -nan -nan -nan -nan
0.6 0.52 -nan -nan -nan -nan
0.64 0.52 -nan -nan -nan -nan
0.68 0.52 -nan -nan -nan -nan
0.72 0.52 -nan -nan -nan -nan
0.76 0.52 -nan -nan -nan -nan
0.8 0.52 -nan -nan -nan -nan
0.84 0.52 -nan -nan -nan -nan
0.88 0.52 -nan -nan -nan -nan
0.92 0.52 -nan -nan -nan -nan
0.96 0.52 -nan -nan -nan -nan
1 0.52 -nan -nan -nan -nan

-1 0.56 1.225 0 -0 101327
-0.96 0.56 1.225 0 0 101327
-0.92 0.56 1.225 0 0 101327
-0.88 0.56 1.225 0 0 101327
-0.84 0.56 1.225 0 0 101327
-0.8 0.56 1.225 0 0 101327
-0.76 0.56 1.225 0 0 101327
-0.72 0.56 1.225 0 0 101327
-0.68 0.56 1.225 0 0 101327
-0.64 0.56 1.225 0 0 101327
-0.6 0.56 1.225 0 0 101327
-0.56 0.56 1.225 0 0 101327
-0.52 0.56 1.225 0 0 101327
-0.48 0.56 1.225 0 0 101327
-0.44 0.56 1.225 0 0 101327
-0.4 0.56 1.225 0 0 101327
-0.36 0.56 1.225 0 0 101327
-0.32 0.56 1.225 0 0 101327
-0.28 0.56 1.225 0 0 101327
-0.24 0.56 1.225 0 0 101327
-0.2 0.56 1.225 0 0 101327
-0.16 0.56 1.225 0 0 101327
-0.12 0.56 1.225 0 0 101327
-0.08 0.56 1.225 0 0 101327
-0.04 0.56 1.225 0 0 101327
0 0.56 1.225 0 0 101327
0.04 0.56 1.225 0 0 101327
0.08 0.56 1.225 0 0 101327
0.12 0.56 1.225 0 0 101327
0.16 0.56 1.225 0 0 101327
0.2 0.56 1.225 0 0 101327
0.24 0.56 1.225 0 0 101327
0.28 0.56 1.225 0 0 101327
0.32 0.56 1.225 0 0 101327
0.36 0.56 1.225 0 0 101327
0.4 0.56 1.225 0 0 101327
0.44 0.56 1.225 0 0 101327
0.48 0.56 1.225 0 0 101327
0.52 0.56 -nan -nan -nan -nan
0.56 0.56 -nan -nan -nan -nan
0.6 0.56 -nan -nan -nan -nan
0.64 0.56 -nan -nan -nan -nan
0.68 0.56 -nan -nan -nan -nan
0.72 0.56 -nan -nan -nan -nan
0.76 0.56 -nan -nan -nan -nan
0.8 0.56 -nan -nan -nan -nan
0.84 0.56 -nan -nan -nan -nan
0.88 0.56 -nan -nan -nan -nan
0.92 0.56 -nan -nan -nan -nan
0.96 0.56 -nan -nan -nan -nan
1 0.56 -nan -nan -nan -nan

-1 0.6 1.225 0 -0 101327
-0.96 0.6 1.225 0 0 101327
-0.92 0.6 1.225 0 0 101327
-0.88 0.6 1.225 0 0 101327
-0.84 0.6 1.225 0 0 101327
-0.8 0.6 1.225 0 0 101327
-0.76 0.6 1.225 0 0 101327
-0.72 0.6 1.225 0 0 101327
-0.68 0.6 1.225 0 0 101327
-0.64 0.6 1.225 0 0 101327
-0.6 0.6 1.225 0 0 101327
-0.56 0.6 1.225 0 0 101327
-0.52 0.6 1.225 0 0 101327
-0.48 0.6 1.225 0 0 101327
-0.44 0.6 1.225 0 0 101327
-0.4 0.6 1.225 0 0 101327
-0.36 0.6 1.225 0 0 101327
-0.32 0.6 1.225 0 0 101327
-0.28 0.6 1.225 0 0 101327
-0.24 0.6 1.225 0 0 101327
-0.2 0.6 1.225 0 0 101327
-0.16 0.6 1.225 0 0 101327
-0.12 0.6 1.225 0 0 101327
-0.08 0.6 1.225 0 0 101327
-0.04 0.6 1.225 0 0 101327
0 0.6 1.225 0 0 101327
0.04 0.6 1.225 0 0 101327
0.08 0.6 1.225 0 0 101327
0.12 0.6 1.225 0 0 101327
0.16 0.6 1.225 0 0 101327
0.2 0.6 1.225 0 0 101327
0.24 0.6 1.225 0 0 101327
0.28 0.6 1.225 0 0 101327
0.32 0.6 1.225 0 0 101327
0.36 0.6 1.225 0 0 101327
0.4 0.6 1.225 0 0 101327
0.44 0.6 1.225 0 0 101327
0.48 0.6 1.225 0 0 101327
0.52 0.6 -nan -nan -nan -nan
0.56 0.6 -nan -nan -nan -nan
0.6 0.6 -nan -nan -nan -nan
0.64 0.6 -nan -nan -nan -nan
0.68 0.6 -nan -nan -nan -nan
0.72 0.6 -nan -nan -nan -nan
0.76 0.6 -nan -nan -nan -nan
0.8 0.6 -nan -nan -nan -nan
0.84 0.6 -nan -nan -nan -nan
0.88 0.6 -nan -nan -nan -nan
0.92 0.6 -nan -nan -nan -nan
0.96 0.6 -nan -nan -nan -nan
1 0.6 -nan -nan -nan -nan

-1 0.64 1.225 0 -0 101327
-0.96 0.64 1.225 0 0 101327
-0.92 0.64 1.225 0 0 101327
-0.88 0.64 1.225 0 0 101327
-0.84 0.64 1.225 0 0 101327
-0.8 0.64 1.225 0 0 101327
-0.76 0.64 1.225 0 0 101327
-0.72 0.64 1.225 0 0 101327
-0.68 0.64 1.225 0 0 101327
-0.64 0.64 1.225 0 0 101327
-0.6 0.64 1.225 0 0 101327
-0.56 0.64 1.225 0 0 101327
-0.52 0.64 1.225 0 0 101327
-0.48 0.64 1.225 0 0 101327
-0.44 0.64 1.225 0 0 101327
-0.4 0.64 1.225 0 0 101327
-0.36 0.64 1.225 0 0 101327
-0.32 0.64 1.225 0 0 101327
-0.28 0.64 1.225 0 0 101327
-0.24 0.64 1.225 0 0 101327
-0.2 0.64 1.225 0 0 101327
-0.16 0.64 1.225 0 0 101327
-0.12 0.64 1.225 0 0 101327
-0.08 0.64 1.225 0 0 101327
-0.04 0.64 1.225 0 0 101327
0 0.64 1.225 0 0 101327
0.04 0.64 1.225 0 0 101327
0.08 0.64 1.225 0 0 101327
0.12 0.64 1.225 0 0 101327
0.16 0.64 1.225 0 0 101327
0.2 0.64 1.225 0 0 101327
0.24 0.64 1.225 0 0 101327
0.28 0.64 1.225 0 0 101327
0.32 0.64 1.225 0 0 101327
0.36 0.64 1.225 0 0 101327
0.4 0.64 1.225 0 0 101327
0.44 0.64 1.225 0 0 101327
0.48 0.64 1.225 0 0 101327
0.52 0.64 -nan -nan -nan -nan
0.56 0.64 -nan -nan -nan -nan
0.6 0.64 -nan -nan -nan -nan
0.64 0.64 -nan -nan -nan -nan
0.68 0.64 -nan -nan -nan -nan
0.72 0.64 -nan -nan -nan -nan
0.76 0.64 -nan -nan -nan -nan
0.8 0.64 -nan -nan -nan -nan
0.84 0.64 -nan -nan -nan -nan
0.88 0.64 -nan -nan -nan -nan
0.92 0.64 -nan -nan -nan -nan
0.96 0.64 -nan -nan -nan -nan
1 0.64 -nan -nan -nan -nan

-1 0.68 1.225 0 -0 101327
-0.96 0.68 1.225 0 0 101327
-0.92 0.68 1.225 0 0 101327
-0.88 0.68 1.225 0 0 101327
-0.84 0.68 1.225 0 0 101327
-0.8 0.68 1.225 0 0 101327
-0.76 0.68 1.225 0 0 101327
-0.72 0.68 1.225 0 0 101327
-0.68 0.68 1.225 0 0 101327
-0.64 0.68 1.225 0 0 101327
-0.6 0.68 1.225 0 0 101327
-0.56 0.68 1.225 0 0 101327
-0.52 0.68 1.225 0 0 101327
-0.48 0.68 1.225 0 0 101327
-0.44 0.68 1.225 0 0 101327
-0.4 0.68 1.225 0 0 101327
-0.36 0.68 1.225 0 0 101327
-0.32 0.68 1.225 0 0 101327
-0.28 0.68 1.225 0 0 101327
-0.24 0.68 1.225 0 0 101327
-0.2 0.68 1.225 0 0 101327
-0.16 0.68 1.225 0 0 101327
-0.12 0.68 1.225 0 0 101327
-0.08 0.68 1.225 0 0 101327
-0.04 0.68 1.225 0 0 101327
0 0.68 1.225 0 0 101327
0.04 0.68 1.225 0 0 101327
0.08 0.68 1.225 0 0 101327
0.12 0.68 1.225 0 0 101327
0.16 0.68 1.225 0 0 101327
0.2 0.68 1.225 0 0 101327
0.24 0.68 1.225 0 0 101327
0.28 0.68 1.225 0 0 101327
0.32 0.68 1.225 0 0 101327
0.36 0.68 1.225 0 0 101327
0.4 0.68 1.225 0 0 101327
0.44 0.68 1.225 0 0 101327
0.48 0.68 1.225 0 0 101327
0.52 0.68 -nan -nan -nan -nan
0.56 0.68 -nan -nan -nan -nan
0.6 0.68 -nan -nan -nan -nan
0.64 0.68 -nan -nan -nan -nan
0.68 0.68 -nan -nan -nan -nan
0.72 0.68 -nan -nan -nan -nan
0.76 0.68 -nan -nan -nan -nan
0.8 0.68 -nan -nan -nan -nan
0.84 0.68 -nan -nan -nan -nan
0.88 0.68 -nan -nan -nan -nan
0.92 0.68 -nan -nan -nan -nan
0.96 0.68 -nan -nan -nan -nan
1 0.68 -nan -nan -nan -nan

-1 0.72 1.225 0 -0 101327
-0.96 0.72 1.225 0 0 101327
-0.92 0.72 1.225 0 0 101327
-0.88 0.72 1.225 0 0 101327
-0.84 0.72 1.225 0 0 101327
-0.8 0.72 1.225 0 0 101327
-0.76 0.72 1.225 0 0 101327
-0.72 0.72 1.225 0 0 101327
-0.68 0.72 1.225 0 0 101327
-0.64 0.72 1.225 0 0 101327
-0.6 0.72 1.225 0 0 101327
-0.56 0.72 1.225 0 0 101327
-0.52 0.72 1.225 0 0 101327
-0.48 0.72 1.225 0 0 101327
-0.44 0.72 1.225 0 0 101327
-0.4 0.72 1.225 0 0 101327
-0.36 0.72 1.225 0 0 101327
-0.32 0.72 1.225 0 0 101327
-0.28 0.72 1.225 0 0 101327
-0.24 0.72 1.225 0 0 101327
-0.2 0.72 1.225 0 0 101327
-0.16 0.72 1.225 0 0 101327
-0.12 0.72 1.225 0 0 101327
-0.08 0.72 1.225 0 0 101327
-0.04 0.72 1.225 0 0 101327
0 0.72 1.225 0 0 101327
0.04 0.72 1.225 0 0 101327
0.08 0.72 1.225 0 0 101327
0.12 0.72 1.225 0 0 101327
0.16 0.72 1.225 0 0 101327
0.2 0.72 1.225 0 0 101327
0.24 0.72 1.225 0 0 101327
0.28 0.72 1.225 0 0 101327
0.32 0.72 1.225 0 0 101327
0.36 0.72 1.225 0 0 101327
0.4 0.72 1.225 0 0 101327
0.44 0.72 1.225 0 0 101327
0.48 0.72 1.225 0 0 101327
0.52 0.72 -nan -nan -nan -nan
0.56 0.72 -nan -nan -nan -nan
0.6 0.72 -nan -nan -nan -nan
0.64 0.72 -nan -nan -nan -nan
0.68 0.72 -nan -nan -nan -nan
0.72 0.72 -nan -nan -nan -nan
0.76 0.72 -nan -nan -nan -nan
0.8 0.72 -nan -nan -nan -nan
0.84 0.72 -nan -nan -nan -nan
0.88 0.72 -nan -nan -nan -nan
0.92 0.72 -nan -nan -nan -nan
0.96 0.72 -nan -nan -nan -nan
1 0.72 -nan -nan -nan -nan

-1 0.76 1.225 0 -0 101327
-0.96 0.76 1.225 0 0 101327
-0.92 0.76 1.225 0 0 101327
-0.88 0.76 1.225 0 0 101327
-0.84 0.76 1.225 0 0 101327
-0.8 0.76 1.225 0 0 101327
-0.76 0.76 1.225 0 0 101327
-0.72 0.76 1.225 0 0 101327
-0.68 0.76 1.225 0 0 101327
-0.64 0.76 1.225 0 0 101327
-0.6 0.76 1.225 0 0 101327
-0.56 0.76 1.225 0 0 101327
-0.52 0.76 1.225 0 0 101327
-0.48 0.76 1.225 0 0 101327
-0.44 0.76 1.225 0 0 101327
-0.4 0.76 1.225 0 0 101327
-0.36 0.76 1.225 0 0 101327
-0.32 0.76 1.225 0 0 101327
-0.28 0.76 1.225 0 0 101327
-0.24 0.76 1.225 0 0 101327
-0.2 0.76 1.225 0 0 101327
-0.16 0.76 1.225 0 0 101327
-0.12 0.76 1.225 0 0 101327
-0.08 0.76 1.225 0 0 101327
-0.04 0.76 1.225 0 0 101327
0 0.76 1.225 0 0 101327
0.04 0.76 1.225 0 0 101327
0.08 0.76 1.225 0 0 101327
0.12 0.76 1.225 0 0 101327
0.16 0.76 1.225 0 0 101327
0.2 0.76 1.225 0 0 101327
0.24 0.76 1.225 0 0 101327
0.28 0.76 1.225 0 0 101327
0.32 0.76 1.225 0 0 101327
0.36 0.76 1.225 0 0 101327
0.4 0.76 1.225 0 0 101327
0.44 0.76 1.225 0 0 101327
0.48 0.76 1.225 0 0 101327
0.52 0.76 -nan -nan -nan -nan
0.56 0.76 -nan -nan -nan -nan
0.6 0.76 -nan -nan -nan -nan
0.64 0.76 -nan -nan -nan -nan
0.68 0.76 -nan -nan -nan -nan
0.72 0.76 -nan -nan -nan -nan
0.76 0.76 -nan -nan -nan -nan
0.8 0.76 -nan -nan -nan -nan
0.84 0.76 -nan -nan -nan -nan
0.88 0.76 -nan -nan -nan -nan
0.92 0.76 -nan -nan -nan -nan
0.96 0.76 -nan -nan -nan -nan
1 0.76 -nan -nan -nan -nan

-1 0.8 1.225 0 -0 101327
-0.96 0.8 1.225 0 0 101327
-0.92 0.8 1.225 0 0 101327
-0.88 0.8 1.225 0 0 101327
-0.84 0.8 1.225 0 0 101327
-0.8 0.8 1.225 0 0 101327
-0.76 0.8 1.225 0 0 101327
-0.72 0.8 1.225 0 0 101327
-0.68 0.8 1.225 0 0 101327
-0.64 0.8 1.225 0 0 101327
-0.6 0.8 1.225 0 0 101327
-0.56 0.8 1.225 0 0 101327
-0.52 0.8 1.225 0 0 101327
-0.48 0.8 1.225 0 0 101327
-0.44 0.8 1.225 0 0 101327
-0.4 0.8 1.225 0 0 101327
-0.36 0.8 1.225 0 0 101327
-0.32 0.8 1.225 0 0 101327
-0.28 0.8 1.225 0 0 101327
-0.24 0.8 1.225 0 0 101327
-0.2 0.8 1.225 0 0 101327
-0.16 0.8 1.225 0 0 101327
-0.12 0.8 1.225 0 0 101327
-0.08 0.8 1.225 0 0 101327
-0.04 0.8 1.225 0 0 101327
0 0.8 1.225 0 0 101327
0.04 0.8 1.225 0 0 101327
0.08 0.8 1.225 0 0 101327
0.12 0.8 1.225 0 0 101327
0.16 0.8 1.225 0 0 101327
0.2 0.8 1.225 0 0 101327
0.24 0.8 1.225 0 0 101327
0.28 0.8 1.225 0 0 101327
0.32 0.8 1.225 0 0 101327
0.36 0.8 1.225 0 0 101327
0.4 0.8 1.225 0 0 101327
0.44 0.8 1.225 0 0 101327
0.48 0.8 1.225 0 0 101327
0.52 0.8 -nan -nan -nan -nan
0.56 0.8 -nan -nan -nan -nan
0.6 0.8 -nan -nan -nan -nan
0.64 0.8 -nan -nan -nan -nan
0.68 0.8 -nan -nan -nan -nan
0.72 0.8 -nan -nan -nan -nan
0.76 0.8 -nan -nan -nan -nan
0.8 0.8 -nan -nan -nan -nan
0.84 0.8 -nan -nan -nan -nan
0.88 0.8 -nan -nan -nan -nan
0.92 0.8 -nan -nan -nan -nan
0.96 0.8 -nan -nan -nan -nan
1 0.8 -nan -nan -nan -nan

-1 0.84 1.225 0 -0 101327
-0.96 0.84 1.225 0 0 101327
-0.92 0.84 1.225 0 0 101327
-0.88 0.84 1.225 0 0 101327
-0.84 0.84 1.225 0 0 101327
-0.8 0.84 1.225 0 0 101327
-0.76 0.84 1.225 0 0 101327
-0.72 0.84 1.225 0 0 101327
-0.68 0.84 1.225 0 0 101327
-0.64 0.84 1.225 0 0 101327
-0.6 0.84 1.225 0 0 101327
-0.56 0.84 1.225 0 0 101327
-0.52 0.84 1.225 0 0 101327
-0.48 0.84 1.225 0 0 101327
-0.44 0.84 1.225 0 0 101327
-0.4 0.84 1.225 0 0 101327
-0.36 0.84 1.225 0 0 101327
-0.32 0.84 1.225 0 0 101327
-0.28 0.84 1.225 0 0 101327
-0.24 0.84 1.225 0 0 101327
-0.2 0.84 1.225 0 0 101327
-0.16 0.84 1.225 0 0 101327
-0.12 0.84 1.225 0 0 101327
-0.08 0.84 1.225 0 0 101327
-0.04 0.84 1.225 0 0 101327
0 0.84 1.225 0 0 101327
0.04 0.84 1.225 0 0 101327
0.08 0.84 1.225 0 0 101327
0.12 0.84 1.225 0 0 101327
0.16 0.84 1.225 0 0 101327
0.2 0.84 1.225 0 0 101327
0.24 0.84 1.225 0 0 101327
0.28 0.84 1.225 0 0 101327
0.32 0.84 1.225 0 0 101327
0.36 0.84 1.225 0 0 101327
0.4 0.84 1.225 0 0 101327
0.44 0.84 1.225 0 0 101327
0.48 0.84 1.225 0 0 101327
0.52 0.84 -nan -nan -nan -nan
0.56 0.84 -nan -nan -nan -nan
0.6 0.84 -nan -nan -nan -nan
0.64 0.84 -nan -nan -nan -nan
0.68 0.84 -nan -nan -nan -nan
0.72 0.84 -nan -nan -nan -nan
0.76 0.84 -nan -nan -nan -nan
0.8 0.84 -nan -nan -nan -nan
0.84 0.84 -nan -nan -nan -nan
0.88 0.84 -nan -nan -nan -nan
0.92 0.84 -nan -nan -nan -nan
0.96 0.84 -nan -nan -nan -nan
1 0.84 -nan -nan -nan -nan

-1 0.88 1.225 0 -0 101327
-0.96 0.88 1.225 0 0 101327
-0.92 0.88 1.225 0 0 101327
-0.88 0.88 1.225 0 0 101327
-0.84 0.88 1.225 0 0 101327
-0.8 0.88 1.225 0 0 101327
-0.76 0.88 1.225 0 0 101327
-0.72 0.88 1.225 0 0 101327
-0.68 0.88 1.225 0 0 101327
-0.64 0.88 1.225 0 0 101327
-0.6 0.88 1.225 0 0 101327
-0.56 0.88 1.225 0 0 101327
-0.52 0.88 1.225 0 0 101327
-0.48 0.88 1.225 0 0 101327
-0.44 0.88 1.225 0 0 101327
-0.4 0.88 1.225 0 0 101327
-0.36 0.88 1.225 0 0 101327
-0.32 0.88 1.225 0 0 101327
-0.28 0.88 1.225 0 0 101327
-0.24 0.88 1.225 0 0 101327
-0.2 0.88 1.225 0 0 101327
-0.16 0.88 1.225 0 0 101327
-0.12 0.88 1.225 0 0 101327
-0.08 0.88 1.225 0 0 101327
-0.04 0.88 1.225 0 0 101327
0 0.88 1.225 0 0 101327
0.04 0.88 1.225 0 0 101327
0.08 0.88 1.225 0 0 101327
0.12 0.88 1.225 0 0 101327
0.16 0.88 1.225 0 0 101327
0.2 0.88 1.225 0 0 101327
0.24 0.88 1.225 0 0 101327
0.28 0.88 1.225 0 0 101327
0.32 0.88 1.225 0 0 101327
0.36 0.88 1.225 0 0 101327
0.4 0.88 1.225 0 0 101327
0.44 0.88 1.225 0 0 101327
0.48 0.88 1.225 0 0 101327
0.52 0.88 -nan -nan -nan -nan
0.56 0.88 -nan -nan -nan -nan
0.6 0.88 -nan -nan -nan -nan
0.64 0.88 -nan -nan -nan -nan
0.68 0.88 -nan -nan -nan -nan
0.72 0.88 -nan -nan -nan -nan
0.76 0.88 -nan -nan -nan -nan
0.8 0.88 -nan -nan -nan -nan
0.84 0.88 -nan -nan -nan -nan
0.88 0.88 -nan -nan -nan -nan
0.92 0.88 -nan -nan -nan -nan
0.96 0.88 -nan -nan -nan -nan
1 0.88 -nan -nan -nan -nan

-1 0.92 1.225 0 -0 101327
-0.96 0.92 1.225 0 0 101327
-0.92 0.92 1.225 0 0 101327
-0.88 0.92 1.225 0 0 101327
-0.84 0.92 1.225 0 0 101327
-0.8 0.92 1.225 0 0 101327
-0.76 0.92 1.225 0 0 101327
-0.72 0.92 1.225 0 0 101327
-0.68 0.92 1.225 0 0 101327
-0.64 0.92 1.225 0 0 101327
-0.6 0.92 1.225 0 0 101327
-0.56 0.92 1.225 0 0 101327
-0.52 0.92 1.225 0 0 101327
-0.48 0.92 1.225 0 0 101327
-0.44 0.92 1.225 0 0 101327
-0.4 0.92 1.225 0 0 101327
-0.36 0.92 1.225 0 0 101327
-0.32 0.92 1.225 0 0 101327
-0.28 0.92 1.225 0 0 101327
-0.24 0.92 1.225 0 0 101327
-0.2 0.92 1.225 0 0 101327
-0.16 0.92 1.225 0 0 101327
-0.12 0.92 1.225 0 0 101327
-0.08 0.92 1.225 0 0 101327
-0.04 0.92 1.225 0 0 101327
0 0.92 1.225 0 0 101327
0.04 0.92 1.225 0 0 101327
0.08 0.92 1.225 0 0 101327
0.12 0.92 1.225 0 0 101327
0.16 0.92 1.225 0 0 101327
0.2 0.92 1.225 0 0 101327
0.24 0.92 1.225 0 0 101327
0.28 0.92 1.225 0 0 101327
0.32 0.92 1.225 0 0 101327
0.36 0.92 1.225 0 0 101327
0.4 0.92 1.225 0 0 101327
0.44 0.92 1.225 0 0 101327
0.48 0.92 1.225 0 0 101327
0.52 0.92 -nan -nan -nan -nan
0.56 0.92 -nan -nan -nan -nan
0.6 0.92 -nan -nan -nan -nan
0.64 0.92 -nan -nan -nan -nan
0.68 0.92 -nan -nan -nan -nan
0.72 0.92 -nan -nan -nan -nan
0.76 0.92 -nan -nan -nan -nan
0.8 0.92 -nan -nan -nan -nan
0.84 0.92 -nan -nan -nan -nan
0.88 0.92 -nan -nan -nan -nan
0.92 0.92 -nan -nan -nan -nan
0.96 0.92 -nan -nan -nan -nan
1 0.92 -nan -nan -nan -nan

-1 0.96 1.225 0 -0 101327
-0.96 0.96 1.225 0 0 101327
-0.92 0.96 1.225 0 0 101327
-0.88 0.96 1.225 0 0 101327
-0.84 0.96 1.225 0 0 101327
-0.8 0.96 1.225 0 0 101327
-0.76 0.96 1.225 0 0 101327
-0.72 0.96 1.225 0 0 101327
-0.68 0.96 1.225 0 0 101327
-0.64 0.96 1.225 0 0 101327
-0.6 0.96 1.225 0 0 101327
-0.56 0.96 1.225 0 0 101327
-0.52 0.96 1.225 0 0 101327
-0.48 0.96 1.225 0 0 101327
-0.44 0.96 1.225 0 0 101327
-0.4 0.96 1.225 0 0 101327
-0.36 0.96 1.225 0 0 101327
-0.32 0.96 1.225 0 0 101327
-0.28 0.96 1.225 0 0 101327
-0.24 0.96 1.225 0 0 101327
-0.2 0.96 1.225 0 0 101327
-0.16 0.96 1.225 0 0 101327
-0.12 0.96 1.225 0 0 101327
-0.08 0.96 1.225 0 0 101327
-0.04 0.96 1.225 0 0 101327
0 0.96 1.225 0 0 101327
0.04 0.96 1.225 0 0 101327
0.08 0.96 1.225 0 0 101327
0.12 0.96 1.225 0 0 101327
0.16 0.96 1.225 0 0 101327
0.2 0.96 1.225 0 0 101327
0.24 0.96 1.225 0 0 101327
0.28 0.96 1.225 0 0 101327
0.32 0.96 1.225 0 0 101327
0.36 0.96 1.225 0 0 101327
0.4 0.96 1.225 0 0 101327
0.44 0.96 1.225 0 0 101327
0.48 0.96 1.225 0 0 101327
0.52 0.96 -nan -nan -nan -nan
0.56 0.96 -nan -nan -nan -nan
0.6 0.96 -nan -nan -nan -nan
0.64 0.96 -nan -nan -nan -nan
0.68 0.96 -nan -nan -nan -nan
0.72 0.96 -nan -nan -nan -nan
0.76 0.96 -nan -nan -nan -nan
0.8 0.96 -nan -nan -nan -nan
0.84 0.96 -nan -nan -nan -nan
0.88 0.96 -nan -nan -nan -nan
0.92 0.96 -nan -nan -nan -nan
0.96 0.96 -nan -nan -nan -nan
1 0.96 -nan -nan -nan -nan

-1 1 1.225 0 -0 101327
-0.96 1 1.225 0 0 101327
-0.92 1 1.225 0 0 101327
-0.88 1 1.225 0 0 101327
-0.84 1 1.225 0 0 101327
-0.8 1 1.225 0 0 101327
-0.76 1 1.225 0 0 101327
-0.72 1 1.225 0 0 101327
-0.68 1 1.225 0 0 101327
-0.64 1 1.225 0 0 101327
-0.6 1 1.225 0 0 101327
-0.56 1 1.225 0 0 101327
-0.52 1 1.225 0 0 101327
-0.48 1 1.225 0 0 101327
-0.44 1 1.225 0 0 101327
-0.4 1 1.225 0 0 101327
-0.36 1 1.225 0 0 101327
-0.32 1 1.225 0 0 101327
-0.28 1 1.225 0 0 101327
-0.24 1 1.225 0 0 101327
-0.2 1 1.225 0 0 101327
-0.16 1 1.225 0 0 101327
-0.12 1 1.225 0 0 101327
-0.08 1 1.225 0 0 101327
-0.04 1 1.225 0 0 101327
0 1 1.225 0 0 101327
0.04 1 1.225 0 0 101327
0.08 1 1.225 0 0 101327
0.12 1 1.225 0 0 101327
0.16 1 1.225 0 0 101327
0.2 1 1.225 0 0 101327
0.24 1 1.225 0 0 101327
0.28 1 1.225 0 0 101327
0.32 1 1.225 0 0 101327
0.36 1 1.225 0 0 101327
0.4 1 1.225 0 0 101327
0.44 1 1.225 0 0 101327
0.48 1 1.225 0 0 101327
0.52 1 -nan -nan -nan -nan
0.56 1 -nan -nan -nan -nan
0.6 1 -nan -nan -nan -nan
0.64 1 -nan -nan -nan -nan
0.68 1 -nan -nan -nan -nan
0.72 1 -nan -nan -nan -nan
0.76 1 -nan -nan -nan -nan
0.8 1 -nan -nan -nan -nan
0.84 1 -nan -nan -nan -nan
0.88 1 -nan -nan -nan -nan
0.92 1 -nan -nan -nan -nan
0.96 1 -nan -nan -nan -nan
1 1 -nan -nan -nan -nan

