-1 -1 0.125 -5.24735e-08 3.10153e-11 10000
-0.933333 -1 0.125 -1.79405e-09 -3.10153e-11 10000
-0.866667 -1 0.125 -5.24735e-08 1.32788e-09 10000
-0.8 -1 0.125 -1.11103e-06 3.92946e-08 10000
-0.733333 -1 0.125 -1.56905e-05 6.38013e-07 10000
-0.666667 -1 0.125 -0.000160654 7.29728e-06 10000
-0.6 -1 0.125001 -0.00123511 6.21455e-05 10000.1
-0.533333 -1 0.125004 -0.00730287 0.000405381 10000.4
-0.466667 -1 0.125018 -0.0341112 0.00209288 10002
-0.4 -1 0.125068 -0.133312 0.00913776 10007.7
-0.333333 -1 0.125253 -0.528034 0.0409492 10030.1
-0.266667 -1 0.126408 -3.45255 0.287746 10196.8
-0.2 -1 0.136666 -38.4416 3.20677 12378.8
-0.133333 -1 0.207827 -305.937 31.5483 37433.3
-0.0666667 -1 0.801548 -776.13 133.808 230354
0 -1 1.67308 -680.176 135.214 490906
0.0666667 -1 0.382612 -339.937 66.6911 78800.4
0.133333 -1 0.140432 -35.0212 6.55336 12733.8
0.2 -1 0.127243 -4.90477 0.658137 10290.5
0.266667 -1 0.125582 -1.19625 0.126351 10068.9
0.333333 -1 0.125148 -0.302348 0.0293682 10017.1
0.4 -1 0.12503 -0.0632446 0.0058924 10003.5
0.466667 -1 0.125005 -0.0102572 0.000928042 10000.5
0.533333 -1 0.125001 -0.00126263 0.000111274 10000.1
0.6 -1 0.125 -0.000117064 1.00259e-05 10000
0.666667 -1 0.125 -8.1224e-06 6.70887e-07 10000
0.733333 -1 0.125 -4.11177e-07 3.04604e-08 10000
0.8 -1 0.125 -7.60857e-09 -8.89754e-10 10000
0.866667 -1 0.125 3.21578e-09 -8.56595e-10 10000
0.933333 -1 0.125 2.84724e-10 -4.33897e-11 10000
1 -1 0.125 2.84195e-11 -1.69472e-12 10000

-1 -0.933333 0.125 -9.12242e-09 -3.10153e-11 10000
-0.933333 -0.933333 0.125 -2.93526e-10 3.10153e-11 10000
-0.866667 -0.933333 0.125 -9.12242e-09 -1.32788e-09 10000
-0.8 -0.933333 0.125 -2.11808e-07 -3.92946e-08 10000
-0.733333 -0.933333 0.125 -3.1945e-06 -6.38013e-07 10000
-0.666667 -0.933333 0.125 -3.45209e-05 -7.29729e-06 10000
-0.6 -0.933333 0.125 -0.000278477 -6.21458e-05 10000
-0.533333 -0.933333 0.125001 -0.00172882 -0.000405391 10000.1
-0.466667 -0.933333 0.125004 -0.00858261 -0.00209311 10000.5
-0.4 -0.933333 0.125018 -0.0370187 -0.00914135 10002.1
-0.333333 -0.933333 0.125087 -0.177931 -0.0410039 10010.2
-0.266667 -0.933333 0.125619 -1.45182 -0.289552 10084.3
-0.2 -0.933333 0.13085 -17.9674 -3.3493 11079.9
-0.133333 -0.933333 0.173078 -171.888 -37.8823 24212.2
-0.0666667 -0.933333 0.548339 -641.714 -195.598 150571
0 -0.933333 1.073 -590.822 -210.832 306418
0.0666667 -0.933333 0.27295 -202.798 -93.4853 47852
0.133333 -0.933333 0.132962 -13.8893 -6.92151 11418.6
0.2 -0.933333 0.125818 -1.61181 -0.665595 10107.7
0.266667 -0.933333 0.12517 -0.340213 -0.126767 10019.9
0.333333 -0.933333 0.125038 -0.0786846 -0.0293941 10004.4
0.4 -0.933333 0.125007 -0.0153246 -0.0058935 10000.8
0.466667 -0.933333 0.125001 -0.00232554 -0.00092807 10000.1
0.533333 -0.933333 0.125 -0.000268369 -0.000111274 10000
0.6 -0.933333 0.125 -2.33569e-05 -1.00259e-05 10000
0.666667 -0.933333 0.125 -1.51913e-06 -6.70887e-07 10000
0.733333 -0.933333 0.125 -6.75412e-08 -3.04604e-08 10000
0.8 -0.933333 0.125 2.24531e-09 8.89754e-10 10000
0.866667 -0.933333 0.125 1.62822e-09 8.56595e-10 10000
0.933333 -0.933333 0.125 7.91481e-11 4.33897e-11 10000
1 -0.933333 0.125 7.27827e-12 1.69472e-12 10000

-1 -0.866667 0.125 -5.24735e-08 2.43686e-09 10000
-0.933333 -0.866667 0.125 -1.79405e-09 -2.43686e-09 10000
-0.866667 -0.866667 0.125 -5.24735e-08 -5.87602e-08 10000
-0.8 -0.866667 0.125 -1.11103e-06 -1.26628e-06 10000
-0.733333 -0.866667 0.125 -1.56905e-05 -1.82533e-05 10000
-0.666667 -0.866667 0.125 -0.000160654 -0.000190723 10000
-0.6 -0.866667 0.125001 -0.00123511 -0.00149429 10000.1
-0.533333 -0.866667 0.125004 -0.00730287 -0.00897968 10000.4
-0.466667 -0.866667 0.125018 -0.0341112 -0.042386 10002
-0.4 -0.866667 0.125068 -0.133312 -0.165091 10007.7
-0.333333 -0.866667 0.125253 -0.528034 -0.624327 10030.1
-0.266667 -0.866667 0.126408 -3.45255 -3.73795 10196.4
-0.2 -0.866667 0.136666 -38.4416 -39.8203 12336.9
-0.133333 -0.866667 0.207827 -305.937 -312.625 33694.7
-0.0666667 -0.866667 0.801548 -776.13 -735.866 155644
0 -0.866667 1.67308 -680.176 -777.862 316338
0.0666667 -0.866667 0.382612 -339.937 -499.562 61490.8
0.133333 -0.866667 0.140432 -35.0212 -58.1307 12642.7
0.2 -0.866667 0.127243 -4.90477 -7.36191 10289.2
0.266667 -0.866667 0.125582 -1.19625 -1.75717 10068.8
0.333333 -0.866667 0.125148 -0.302348 -0.448027 10017.1
0.4 -0.866667 0.12503 -0.0632446 -0.0946235 10003.5
0.466667 -0.866667 0.125005 -0.0102572 -0.0154537 10000.5
0.533333 -0.866667 0.125001 -0.00126263 -0.00190521 10000.1
0.6 -0.866667 0.125 -0.000117064 -0.000175345 10000
0.666667 -0.866667 0.125 -8.1224e-06 -1.19341e-05 10000
0.733333 -0.866667 0.125 -4.11177e-07 -5.87372e-07 10000
0.8 -0.866667 0.125 -7.60857e-09 -1.28957e-08 10000
0.866667 -0.866667 0.125 3.21578e-09 3.12466e-09 10000
0.933333 -0.866667 0.125 2.84724e-10 2.87596e-10 10000
1 -0.866667 0.125 2.84195e-11 1.52395e-11 10000

-1 -0.8 0.125 -4.75401e-07 2.16602e-08 10000
-0.933333 -0.8 0.125 -2.46328e-08 -2.16602e-08 10000
-0.866667 -0.8 0.125 -4.75401e-07 -5.10814e-07 10000
-0.8 -0.8 0.125 -9.12535e-06 -9.99767e-06 10000
-0.733333 -0.8 0.125 -0.000121519 -0.000136024 10000
-0.666667 -0.8 0.125001 -0.00118653 -0.00135654 10000.1
-0.6 -0.8 0.125005 -0.00875529 -0.0102126 10000.5
-0.533333 -0.8 0.125025 -0.0497551 -0.0590913 10002.9
-0.466667 -0.8 0.12511 -0.221384 -0.266599 10012.5
-0.4 -0.8 0.125382 -0.797172 -0.963711 10044.4
-0.333333 -0.8 0.126178 -2.62321 -3.06345 10142.3
-0.266667 -0.8 0.129564 -12.3415 -12.8005 10664.4
-0.2 -0.8 0.151816 -96.5837 -91.9937 15904.4
-0.133333 -0.8 0.254269 -428.804 -401.744 42413.1
-0.0666667 -0.8 1.083 -707.981 -634.404 207185
0 -0.8 2.4926 -574.094 -638.092 488579
0.0666667 -0.8 0.636609 -426.464 -577.503 96201.6
0.133333 -0.8 0.167455 -106.402 -148.396 16733.4
0.2 -0.8 0.134497 -22.8841 -31.3388 11231.6
0.266667 -0.8 0.127978 -6.70283 -9.29871 10358.1
0.333333 -0.8 0.125833 -1.85072 -2.61265 10097.6
0.4 -0.8 0.125184 -0.414319 -0.592643 10021.1
0.466667 -0.8 0.125031 -0.0716582 -0.103181 10003.5
0.533333 -0.8 0.125004 -0.00939608 -0.0135269 10000.4
0.6 -0.8 0.125 -0.000926438 -0.00131984 10000
0.666667 -0.8 0.125 -6.82926e-05 -9.48312e-05 10000
0.733333 -0.8 0.125 -3.72454e-06 -4.9511e-06 10000
0.8 -0.8 0.125 -1.34838e-07 -1.71648e-07 10000
0.866667 -0.8 0.125 4.44235e-09 4.17083e-09 10000
0.933333 -0.8 0.125 1.77266e-09 1.77424e-09 10000
1 -0.8 0.125 1.74387e-10 1.02076e-10 10000

-1 -0.733333 0.125 -3.03412e-06 1.50633e-07 10000
-0.933333 -0.733333 0.125 -1.77707e-07 -1.50633e-07 10000
-0.866667 -0.733333 0.125 -3.03412e-06 -3.15107e-06 10000
-0.8 -0.733333 0.125 -5.36403e-05 -5.66776e-05 10000
-0.733333 -0.733333 0.125 -0.000673769 -0.000726531 10000
-0.666667 -0.733333 0.125003 -0.00628404 -0.00691844 10000.4
-0.6 -0.733333 0.125023 -0.0446803 -0.0502018 10002.5
-0.533333 -0.733333 0.125121 -0.24574 -0.281512 10013.9
-0.466667 -0.733333 0.125505 -1.05342 -1.22663 10058.6
-0.4 -0.733333 0.126637 -3.55908 -4.17102 10193.6
-0.333333 -0.733333 0.129335 -10.0382 -11.5257 10532.6
-0.266667 -0.733333 0.136471 -31.3186 -31.7404 11683
-0.2 -0.733333 0.166626 -142.356 -128.422 18982.5
-0.133333 -0.733333 0.281837 -423.897 -377.488 45573
-0.0666667 -0.733333 1.21318 -617.808 -513.564 236428
0 -0.733333 2.93205 -493.574 -516.453 588566
0.0666667 -0.733333 0.901672 -375.483 -495.325 135583
0.133333 -0.733333 0.229198 -199.384 -250.536 23853
0.2 -0.733333 0.156936 -74.5465 -93.5634 14048.1
0.266667 -0.733333 0.136447 -27.0249 -35.1802 11394.4
0.333333 -0.733333 0.128465 -8.22992 -11.0425 10409.9
0.4 -0.733333 0.125813 -1.97106 -2.69754 10094.7
0.466667 -0.733333 0.125143 -0.363075 -0.501615 10016.4
0.533333 -0.733333 0.125019 -0.0506858 -0.0699391 10002.1
0.6 -0.733333 0.125002 -0.00531677 -0.00723849 10000.2
0.666667 -0.733333 0.125 -0.000416904 -0.000550337 10000
0.733333 -0.733333 0.125 -2.42236e-05 -3.03692e-05 10000
0.8 -0.733333 0.125 -1.00874e-06 -1.16468e-06 10000
0.866667 -0.733333 0.125 -1.58965e-08 -1.57998e-08 10000
0.933333 -0.733333 0.125 4.70554e-09 4.84167e-09 10000
1 -0.733333 0.125 6.4811e-10 3.92098e-10 10000

-1 -0.666667 0.125 -1.50621e-05 8.09783e-07 10000
-0.933333 -0.666667 0.125 -9.77027e-07 -8.09783e-07 10000
-0.866667 -0.666667 0.125 -1.50621e-05 -1.5171e-05 10000
-0.8 -0.666667 0.125 -0.000245824 -0.000251463 10000
-0.733333 -0.666667 0.125001 -0.00290399 -0.00302737 10000.2
-0.666667 -0.666667 0.125013 -0.0258035 -0.0274377 10001.5
-0.6 -0.666667 0.125087 -0.176541 -0.191503 10010
-0.533333 -0.666667 0.125452 -0.940169 -1.04073 10052.5
-0.466667 -0.666667 0.126802 -3.89743 -4.38349 10213
-0.4 -0.666667 0.130508 -12.4188 -14.1179 10670.6
-0.333333 -0.666667 0.13777 -30.3013 -34.0212 11596.4
-0.266667 -0.666667 0.149023 -63.1302 -64.5173 13363.9
-0.2 -0.666667 0.177824 -162.422 -145.876 20281.1
-0.133333 -0.666667 0.28489 -379.947 -324.393 43952.1
-0.0666667 -0.666667 1.13563 -518.336 -396.027 216927
0 -0.666667 2.77787 -409.335 -406.481 553256
0.0666667 -0.666667 1.11304 -316.787 -403.091 159347
0.133333 -0.666667 0.340352 -284.064 -332.184 34462.7
0.2 -0.666667 0.208425 -166.091 -192.076 19533.8
0.266667 -0.666667 0.15882 -78.6573 -94.9625 13998.2
0.333333 -0.666667 0.136156 -27.835 -35.1965 11318.2
0.4 -0.666667 0.127802 -7.27251 -9.4969 10325.9
0.466667 -0.666667 0.125524 -1.4346 -1.90352 10060.3
0.533333 -0.666667 0.125071 -0.213925 -0.283677 10008.1
0.6 -0.666667 0.125007 -0.0239547 -0.0312685 10000.8
0.666667 -0.666667 0.125 -0.00200515 -0.0025268 10000.1
0.733333 -0.666667 0.125 -0.000124198 -0.000147139 10000
0.8 -0.666667 0.125 -5.60344e-06 -5.98943e-06 10000
0.866667 -0.666667 0.125 -1.60556e-07 -1.41721e-07 10000
0.933333 -0.666667 0.125 6.76362e-09 6.84824e-09 10000
1 -0.666667 0.125 1.61136e-09 1.69825e-09 10000

-1 -0.6 0.125 -6.04743e-05 3.39001e-06 10000
-0.933333 -0.6 0.125 -4.23114e-06 -3.39001e-06 10000
-0.866667 -0.6 0.125 -6.04743e-05 -5.89649e-05 10000
-0.8 -0.6 0.125 -0.000917967 -0.000909971 10000.1
-0.733333 -0.6 0.125005 -0.0102033 -0.0103076 10000.6
-0.666667 -0.6 0.125043 -0.086155 -0.0887265 10004.9
-0.6 -0.6 0.125275 -0.564798 -0.59334 10031.7
-0.533333 -0.6 0.126358 -2.89774 -3.10048 10160.3
-0.466667 -0.6 0.130157 -11.5142 -12.5231 10628.8
-0.4 -0.6 0.140048 -34.2037 -37.9087 11883.7
-0.333333 -0.6 0.15537 -70.7323 -77.1712 13732
-0.266667 -0.6 0.168499 -108.306 -111.681 15756.8
-0.2 -0.6 0.18764 -171.548 -156.337 20075.1
-0.133333 -0.6 0.272378 -299.831 -241.292 38545.4
-0.0666667 -0.6 0.944513 -386.3 -263.278 168785
0 -0.6 2.31617 -298.829 -266.079 433054
0.0666667 -0.6 1.19707 -276.794 -335.359 163723
0.133333 -0.6 0.485852 -332.951 -364.875 43277.6
0.2 -0.6 0.296896 -268.034 -289.97 26541.7
0.266667 -0.6 0.204268 -162.62 -182.703 18305.7
0.333333 -0.6 0.153908 -72.0908 -85.291 13269.3
0.4 -0.6 0.132841 -21.4918 -26.6857 10904.3
0.466667 -0.6 0.126561 -4.60779 -5.8658 10178.7
0.533333 -0.6 0.125224 -0.73812 -0.942951 10025.5
0.6 -0.6 0.125023 -0.088561 -0.111151 10002.6
0.666667 -0.6 0.125002 -0.0079279 -0.00956867 10000.2
0.733333 -0.6 0.125 -0.000523948 -0.000588758 10000
0.8 -0.6 0.125 -2.51985e-05 -2.48384e-05 10000
0.866667 -0.6 0.125 -8.30041e-07 -6.04364e-07 10000
0.933333 -0.6 0.125 -5.10329e-09 7.94284e-09 10000
1 -0.6 0.125 3.42203e-09 4.94221e-09 10000

-1 -0.533333 0.125 -0.000200044 1.12812e-05 10000
-0.933333 -0.533333 0.125 -1.46895e-05 -1.12812e-05 10000
-0.866667 -0.533333 0.125 -0.000200044 -0.000187952 10000
-0.8 -0.533333 0.125001 -0.00286203 -0.00274428 10000.2
-0.733333 -0.533333 0.125015 -0.0301049 -0.0294794 10001.7
-0.666667 -0.533333 0.125119 -0.24167 -0.241433 10013.7
-0.6 -0.533333 0.125723 -1.51126 -1.53902 10084.8
-0.533333 -0.533333 0.128384 -7.39076 -7.66605 10409.2
-0.466667 -0.533333 0.137065 -27.3493 -28.8327 11526.8
-0.4 -0.533333 0.158336 -73.6028 -78.6038 14289
-0.333333 -0.533333 0.184138 -127.64 -135.491 17051.2
-0.266667 -0.533333 0.193708 -159.832 -161.063 17447
-0.2 -0.533333 0.198363 -181.963 -169.498 18672.4
-0.133333 -0.533333 0.263156 -220.623 -169.678 31902.8
-0.0666667 -0.533333 0.75742 -249.064 -150.728 119268
0 -0.533333 1.7994 -196.588 -157.867 297633
0.0666667 -0.533333 1.18509 -232.225 -263.118 150824
0.133333 -0.533333 0.609407 -317.586 -342.599 50682.4
0.2 -0.533333 0.406597 -325.412 -340.473 31258.5
0.266667 -0.533333 0.277698 -256.643 -271.797 22828.2
0.333333 -0.533333 0.187385 -143.426 -158.93 16242.9
0.4 -0.533333 0.143461 -51.7181 -60.8226 12043.2
0.466667 -0.533333 0.128919 -12.3534 -15.095 10442.8
0.533333 -0.533333 0.125594 -2.14111 -2.63909 10067.1
0.6 -0.533333 0.125062 -0.276003 -0.333797 10006.9
0.666667 -0.533333 0.125004 -0.0264269 -0.0304821 10000.5
0.733333 -0.533333 0.125 -0.00186136 -0.0019696 10000
0.8 -0.533333 0.125 -9.43512e-05 -8.45678e-05 10000
0.866667 -0.533333 0.125 -3.34659e-06 -1.75275e-06 10000
0.933333 -0.533333 0.125 -5.9187e-08 1.19371e-08 10000
1 -0.533333 0.125 8.22492e-09 1.14814e-08 10000

-1 -0.466667 0.125 -0.000545523 2.99375e-05 10000
-0.933333 -0.466667 0.125 -4.07641e-05 -2.99376e-05 10000
-0.866667 -0.466667 0.125 -0.000545523 -0.000490883 10000
-0.8 -0.466667 0.125004 -0.0074731 -0.00690511 10000.4
-0.733333 -0.466667 0.125038 -0.0751048 -0.0712129 10004.3
-0.666667 -0.466667 0.125282 -0.574439 -0.557996 10032.7
-0.6 -0.466667 0.126614 -3.40296 -3.3761 10191.6
-0.533333 -0.466667 0.132072 -15.7096 -15.8006 10876.6
-0.466667 -0.466667 0.148576 -53.5158 -54.7346 13142.9
-0.4 -0.466667 0.186048 -123.931 -127.698 17524.2
-0.333333 -0.466667 0.217419 -183.731 -186.779 19081.4
-0.266667 -0.466667 0.220983 -208.074 -208.312 17321.5
-0.2 -0.466667 0.213718 -201.022 -193.057 17063.1
-0.133333 -0.466667 0.259541 -182.434 -145.51 25973.8
-0.0666667 -0.466667 0.632396 -155.386 -80.5504 85552.4
0 -0.466667 1.38445 -132.515 -95.4215 201103
0.0666667 -0.466667 1.12758 -185.154 -197.75 129442
0.133333 -0.466667 0.713887 -272.551 -292.9 58919.4
0.2 -0.466667 0.507915 -314.639 -331.166 36878.6
0.266667 -0.466667 0.366817 -318.175 -330.919 25394.6
0.333333 -0.466667 0.239637 -231.101 -241.541 19044.1
0.4 -0.466667 0.162515 -102.466 -114.088 13759
0.466667 -0.466667 0.133489 -28.0867 -32.8906 10925.4
0.533333 -0.466667 0.126347 -5.31504 -6.31956 10148.8
0.6 -0.466667 0.125142 -0.737672 -0.8616 10015.8
0.666667 -0.466667 0.125009 -0.0755587 -0.0837588 10001
0.733333 -0.466667 0.125 -0.00566072 -0.00564981 10000
0.8 -0.466667 0.125 -0.000302352 -0.000238274 9999.99
0.866667 -0.466667 0.125 -1.13475e-05 -4.51657e-06 10000
0.933333 -0.466667 0.125 -2.35857e-07 9.47718e-08 10000
1 -0.466667 0.125 2.59638e-08 3.09536e-08 10000

-1 -0.4 0.125001 -0.0013144 6.80309e-05 10000.1
-0.933333 -0.4 0.125 -0.000102429 -6.80312e-05 10000
-0.866667 -0.4 0.125001 -0.0013144 -0.00112861 10000.1
-0.8 -0.4 0.125009 -0.0174467 -0.015459 10001
-0.733333 -0.4 0.125082 -0.169327 -0.154465 10009.3
-0.666667 -0.4 0.125584 -1.24282 -1.16378 10068.6
-0.6 -0.4 0.128159 -6.98508 -6.68506 10385
-0.533333 -0.4 0.137852 -29.252 -28.4825 11645.6
-0.466667 -0.4 0.163162 -83.7979 -82.957 15244.1
-0.4 -0.4 0.211694 -161.672 -162.798 19647.8
-0.333333 -0.4 0.245555 -218.275 -221.454 19225.1
-0.266667 -0.4 0.247372 -240.673 -243.148 16566.1
-0.2 -0.4 0.236365 -227.959 -224.288 15926
-0.133333 -0.4 0.265417 -174.532 -150.918 22631.9
-0.0666667 -0.4 0.554261 -111.783 -57.5398 64078.4
0 -0.4 1.10773 -93.1236 -63.0229 140771
0.0666667 -0.4 1.03968 -145.582 -150.475 110041
0.133333 -0.4 0.785422 -226.105 -241.842 66032.8
0.2 -0.4 0.599723 -272.409 -288.596 45551.5
0.266667 -0.4 0.450466 -307.503 -326.533 30951.4
0.333333 -0.4 0.30624 -296.389 -308.788 20727.9
0.4 -0.4 0.192194 -173.158 -182.236 15539.4
0.466667 -0.4 0.141179 -54.6039 -61.355 11637.8
0.533333 -0.4 0.127663 -11.4496 -13.1542 10282
0.6 -0.4 0.125281 -1.713 -1.93273 10030
0.666667 -0.4 0.125014 -0.187874 -0.199311 10001.4
0.733333 -0.4 0.124999 -0.0150082 -0.0141375 9999.92
0.8 -0.4 0.125 -0.000856173 -0.000580161 9999.97
0.866667 -0.4 0.125 -3.35425e-05 -9.3418e-06 10000
0.933333 -0.4 0.125 -7.68343e-07 4.60594e-07 10000
1 -0.4 0.125 8.67407e-08 9.41636e-08 10000

-1 -0.333333 0.125001 -0.00222955 0.000101772 10000.1
-0.933333 -0.333333 0.125 -0.000156588 -0.000101773 10000
-0.866667 -0.333333 0.125001 -0.00222955 -0.00169345 10000.1
-0.8 -0.333333 0.125015 -0.0292746 -0.0233918 10001.7
-0.733333 -0.333333 0.125141 -0.2785 -0.232921 10016.2
-0.666667 -0.333333 0.125964 -1.97677 -1.71934 10114.7
-0.6 -0.333333 0.129912 -10.5146 -9.44396 10602.8
-0.533333 -0.333333 0.143487 -39.9786 -36.9049 12345.6
-0.466667 -0.333333 0.175279 -100.33 -95.4498 16638.8
-0.4 -0.333333 0.229616 -176.191 -176.497 20551.7
-0.333333 -0.333333 0.27118 -227.177 -231.879 19804.8
-0.266667 -0.333333 0.279803 -248.041 -254.943 17406.2
-0.2 -0.333333 0.271881 -243.045 -246.792 16404.3
-0.133333 -0.333333 0.289482 -179.368 -166.943 21994.7
-0.0666667 -0.333333 0.517369 -101.03 -63.6204 51588.6
0 -0.333333 0.951601 -72.974 -51.4307 107235
0.0666667 -0.333333 0.967237 -108.52 -109.737 97806.3
0.133333 -0.333333 0.822584 -176.8 -188.119 72166.9
0.2 -0.333333 0.680015 -223.645 -237.811 54929.6
0.266667 -0.333333 0.545042 -257.276 -276.047 41216.2
0.333333 -0.333333 0.378468 -289.324 -312.443 25563.5
0.4 -0.333333 0.229669 -237.517 -246.588 16586.4
0.466667 -0.333333 0.152445 -92.2122 -99.5378 12468.6
0.533333 -0.333333 0.129651 -21.4679 -23.9007 10460
0.6 -0.333333 0.125478 -3.49937 -3.82285 10046.9
0.666667 -0.333333 0.125016 -0.413531 -0.423365 10001
0.733333 -0.333333 0.124997 -0.0354353 -0.0317856 9999.58
0.8 -0.333333 0.124999 -0.00220155 -0.00134814 9999.91
0.866667 -0.333333 0.125 -9.39815e-05 -2.05916e-05 9999.99
0.933333 -0.333333 0.125 -2.39496e-06 1.33171e-06 10000
1 -0.333333 0.125 2.52274e-07 2.58536e-07 10000

-1 -0.266667 0.125002 -0.00260974 8.41652e-05 10000.2
-0.933333 -0.266667 0.125 -0.000158064 -8.41661e-05 10000
-0.866667 -0.266667 0.125002 -0.00260974 -0.00160191 10000.2
-0.8 -0.266667 0.12502 -0.0342976 -0.0229185 10002.3
-0.733333 -0.266667 0.125182 -0.324343 -0.234317 10021.1
-0.666667 -0.266667 0.126226 -2.26636 -1.76072 10145.3
-0.6 -0.266667 0.131088 -11.6796 -9.69976 10735.9
-0.533333 -0.266667 0.147222 -42.202 -37.2937 12688.5
-0.466667 -0.266667 0.184341 -100.205 -93.1535 17075.5
-0.4 -0.266667 0.245816 -171.44 -170.843 21372.6
-0.333333 -0.266667 0.301195 -215.065 -220.351 21889.5
-0.266667 -0.266667 0.329806 -228.03 -238.167 21418.7
-0.2 -0.266667 0.332409 -225.275 -236.798 20755.1
-0.133333 -0.266667 0.343948 -179.926 -180.142 24359.8
-0.0666667 -0.266667 0.514882 -102.934 -79.3148 46977.8
0 -0.266667 0.88206 -63.1063 -49.0647 91241.2
0.0666667 -0.266667 0.933927 -73.6868 -74.3425 92277.9
0.133333 -0.266667 0.847829 -119.751 -128.286 77928.6
0.2 -0.266667 0.751832 -169.918 -181.752 64412.9
0.266667 -0.266667 0.643055 -202.361 -218.258 52405.5
0.333333 -0.266667 0.467915 -236.414 -261.167 35431.9
0.4 -0.266667 0.271637 -242.041 -263.625 19065.6
0.466667 -0.266667 0.167529 -134.792 -142.28 13100.9
0.533333 -0.266667 0.13238 -36.7633 -39.4912 10647.4
0.6 -0.266667 0.125724 -6.38109 -6.78646 10060.7
0.666667 -0.266667 0.125005 -0.815159 -0.812757 9998.61
0.733333 -0.266667 0.124991 -0.0759108 -0.0657796 9998.74
0.8 -0.266667 0.124998 -0.00521989 -0.00327301 9999.78
0.866667 -0.266667 0.125 -0.000250174 -7.27268e-05 9999.98
0.933333 -0.266667 0.125 -7.57577e-06 1.97312e-06 10000
1 -0.266667 0.125 4.76181e-07 5.39122e-07 10000

-1 -0.2 0.125002 -0.00229997 4.5539e-05 10000.2
-0.933333 -0.2 0.125 -0.000108741 -4.55395e-05 10000
-0.866667 -0.2 0.125002 -0.00229997 -0.00109666 10000.2
-0.8 -0.2 0.12502 -0.0306868 -0.0167907 10002.3
-0.733333 -0.2 0.125186 -0.293864 -0.181986 10021.6
-0.666667 -0.2 0.126263 -2.07789 -1.44452 10148.8
-0.6 -0.2 0.131311 -10.8093 -8.34134 10749.1
-0.533333 -0.2 0.148272 -39.1994 -33.2525 12715.1
-0.466667 -0.2 0.18907 -92.3751 -84.248 17016.9
-0.4 -0.2 0.260856 -156.714 -153.579 22072.3
-0.333333 -0.2 0.34207 -188.314 -192.633 25875.1
-0.266667 -0.2 0.408013 -187.745 -198.781 29026
-0.2 -0.2 0.431788 -180.129 -195.435 30163.2
-0.133333 -0.2 0.436127 -156.407 -167.475 31798.4
-0.0666667 -0.2 0.545726 -101.061 -88.9637 47580
0 -0.2 0.864292 -53.9193 -44.9739 85866
0.0666667 -0.2 0.930832 -46.9184 -47.7956 91575.4
0.133333 -0.2 0.888447 -68.2778 -74.5576 84363.3
0.2 -0.2 0.817867 -108.921 -119.124 74349.6
0.266667 -0.2 0.7267 -146.897 -159.776 63109.6
0.333333 -0.2 0.566606 -174.431 -195.005 46510.7
0.4 -0.2 0.338638 -192.413 -219.663 25446.1
0.466667 -0.2 0.183331 -151.531 -164.325 13680.5
0.533333 -0.2 0.135388 -52.1361 -55.6763 10769
0.6 -0.2 0.126043 -10.6419 -11.1163 10072.2
0.666667 -0.2 0.124981 -1.48047 -1.45228 9992.51
0.733333 -0.2 0.124977 -0.149173 -0.127074 9996.8
0.8 -0.2 0.124995 -0.0112452 -0.00772614 9999.57
0.866667 -0.2 0.125 -0.000608204 -0.000252162 9999.97
0.933333 -0.2 0.125 -2.20195e-05 -1.02691e-06 10000
1 -0.2 0.125 4.10604e-07 8.56934e-07 10000

-1 -0.133333 0.125001 -0.00129719 -2.09097e-05 10000.1
-0.933333 -0.133333 0.125 5.39631e-06 2.09099e-05 10000
-0.866667 -0.133333 0.125001 -0.00129719 -5.61923e-05 10000.1
-0.8 -0.133333 0.125017 -0.018917 -0.00419004 10001.9
-0.733333 -0.133333 0.125161 -0.19278 -0.0713022 10018.6
-0.666667 -0.133333 0.126121 -1.46655 -0.766679 10131
-0.6 -0.133333 0.130751 -8.13052 -5.35894 10669.8
-0.533333 -0.133333 0.146898 -31.1782 -24.2873 12476.8
-0.466667 -0.133333 0.188302 -76.683 -67.0943 16581.4
-0.4 -0.133333 0.267381 -133.81 -127.657 22485.1
-0.333333 -0.133333 0.388461 -153.05 -153.396 30634.4
-0.266667 -0.133333 0.507777 -143.2 -151.773 39676.4
-0.2 -0.133333 0.566601 -131.243 -145.926 44592.5
-0.133333 -0.133333 0.575591 -116.073 -131.148 45566.7
-0.0666667 -0.133333 0.62934 -84.2919 -83.3993 53900.3
0 -0.133333 0.880105 -41.4999 -35.7538 85859.5
0.0666667 -0.133333 0.945457 -27.1381 -28.0598 93025.7
0.133333 -0.133333 0.928949 -34.4915 -38.3039 90100.4
0.2 -0.133333 0.876468 -55.2144 -62.0771 83303.4
0.266667 -0.133333 0.787465 -86.26 -96.3815 72237.6
0.333333 -0.133333 0.643174 -114.695 -129.932 55569.2
0.4 -0.133333 0.408259 -136.524 -160.009 32389.3
0.466667 -0.133333 0.204486 -134.797 -152.32 15157.4
0.533333 -0.133333 0.139463 -58.21 -63.7913 10968.7
0.6 -0.133333 0.12648 -14.468 -15.3891 10083.7
0.666667 -0.133333 0.124978 -2.3703 -2.38225 9988.3
0.733333 -0.133333 0.124965 -0.274971 -0.249553 9995.05
0.8 -0.133333 0.124992 -0.022885 -0.0164516 9999.2
0.866667 -0.133333 0.124999 -0.00134739 -0.000708436 9999.93
0.933333 -0.133333 0.125 -5.54841e-05 -1.66655e-05 10000
1 -0.133333 0.125 -1.03935e-06 7.97411e-07 10000

-1 -0.0666667 0.125001 0.00020455 -8.99989e-05 10000.1
-0.933333 -0.0666667 0.125 0.000123653 8.99993e-05 10000
-0.866667 -0.0666667 0.125001 0.00020455 0.00114413 10000.1
-0.8 -0.0666667 0.12501 -2.00117e-05 0.012062 10001.1
-0.733333 -0.0666667 0.125102 -0.0222908 0.0829421 10011.6
-0.666667 -0.0666667 0.125782 -0.362731 0.276314 10088.4
-0.6 -0.0666667 0.129345 -2.88313 -0.16564 10477.9
-0.533333 -0.0666667 0.143176 -15.5653 -8.17619 11923.5
-0.466667 -0.0666667 0.18258 -48.5092 -36.7451 15676.5
-0.4 -0.0666667 0.264845 -96.4131 -86.283 22498
-0.333333 -0.0666667 0.423595 -111.139 -106.027 34660.3
-0.266667 -0.0666667 0.59679 -100.063 -102.508 50147.3
-0.2 -0.0666667 0.694859 -87.1655 -96.4542 60230.9
-0.133333 -0.0666667 0.725948 -74.8199 -87.773 63368.3
-0.0666667 -0.0666667 0.755185 -57.2843 -63.9574 67618.9
0 -0.0666667 0.913244 -26.484 -23.7545 88653.3
0.0666667 -0.0666667 0.958708 -11.8312 -11.9319 94316.2
0.133333 -0.0666667 0.947907 -13.179 -14.4709 93003.6
0.2 -0.0666667 0.907257 -20.3897 -23.4511 87904.5
0.266667 -0.0666667 0.82396 -34.1272 -40.1494 77808
0.333333 -0.0666667 0.678841 -54.4861 -65.4282 60769.4
0.4 -0.0666667 0.443991 -80.096 -100.165 36758.3
0.466667 -0.0666667 0.227171 -97.6602 -117.07 17377.9
0.533333 -0.0666667 0.146405 -53.6763 -62.1222 11507.1
0.6 -0.0666667 0.127573 -15.6137 -17.503 10161.9
0.666667 -0.0666667 0.125073 -3.00203 -3.20305 9995.27
0.733333 -0.0666667 0.124965 -0.404351 -0.4025 9995.03
0.8 -0.0666667 0.124991 -0.0389644 -0.0342681 9998.98
0.866667 -0.0666667 0.124999 -0.00269667 -0.00189411 9999.9
0.933333 -0.0666667 0.125 -0.000129797 -7.15112e-05 9999.99
1 -0.0666667 0.125 -6.20099e-06 -1.59807e-06 10000

-1 0 0.125 0.00120517 -9.76537e-05 10000
-0.933333 0 0.125 0.000168647 9.76536e-05 10000
-0.866667 0 0.125 0.00120517 0.00153699 10000
-0.8 0 0.125002 0.0142026 0.0197321 10000.2
-0.733333 0 0.125039 0.115989 0.17386 10004.1
-0.666667 0 0.125403 0.638399 1.0501 10041.1
-0.6 0 0.127768 2.40203 4.41073 10271.6
-0.533333 0 0.138423 2.86787 9.31122 11271.9
-0.466667 0 0.172678 -6.39185 6.39796 14353.3
-0.4 0 0.255702 -38.8996 -24.1017 21658
-0.333333 0 0.437369 -60.6041 -50.3347 36971.8
-0.266667 0 0.655782 -55.5872 -52.9735 57865.2
-0.2 0 0.788632 -45.653 -49.4322 72726.1
-0.133333 0 0.841888 -36.6204 -43.9009 78980.6
-0.0666667 0 0.865362 -27.1546 -32.4981 81900.2
0 0 0.928896 -9.01003 -6.90556 90459.6
0.0666667 0 0.95255 1.65457 2.99583 93579.9
0.133333 0 0.943395 3.19243 3.70953 92460.1
0.2 0 0.906864 3.56689 2.85016 87920.4
0.266667 0 0.828079 3.02443 0.104326 78511.8
0.333333 0 0.688596 0.0871885 -7.42178 62434.8
0.4 0 0.454427 -14.1369 -30.338 38797.6
0.466667 0 0.24356 -42.9488 -62.1716 19645.3
0.533333 0 0.154759 -38.4851 -49.4608 12335.7
0.6 0 0.129865 -13.6331 -16.9748 10388.8
0.666667 0 0.125438 -2.98986 -3.57948 10033.4
0.733333 0 0.125001 -0.452619 -0.510952 9999.06
0.8 0 0.124994 -0.0486798 -0.0513547 9999.3
0.866667 0 0.124999 -0.00378507 -0.00347454 9999.9
0.933333 0 0.125 -0.000199827 -0.000159167 9999.99
1 0 0.125 -1.5281e-05 -5.43552e-06 10000

-1 0.0666667 0.125 0.00135641 -6.89711e-05 9999.97
-0.933333 0.0666667 0.125 0.000146542 6.89709e-05 10000
-0.866667 0.0666667 0.125 0.00135641 0.00131671 9999.97
-0.8 0.0666667 0.124998 0.0175071 0.0181447 9999.76
-0.733333 0.0666667 0.124999 0.157059 0.176812 9999.38
-0.666667 0.0666667 0.125131 1.02061 1.21535 10009.1
-0.6 0.0666667 0.126494 4.85354 6.02335 10121.9
-0.533333 0.0666667 0.134234 15.43 19.9966 10763.9
-0.466667 0.0666667 0.164214 32.7357 43.5461 13236.6
-0.4 0.0666667 0.244731 30.7545 48.027 20170.3
-0.333333 0.0666667 0.436934 2.70944 17.5106 37418.5
-0.266667 0.0666667 0.683796 -8.85475 -1.64831 62103.4
-0.2 0.0666667 0.846695 -8.65355 -8.13596 80642.6
-0.133333 0.0666667 0.91371 -7.60969 -10.2938 88556.3
-0.0666667 0.0666667 0.923538 -1.90182 -4.65926 89760.1
0 0.0666667 0.911597 9.9689 12.6444 88219.7
0.0666667 0.0666667 0.918992 16.4885 20.6795 89198.2
0.133333 0.0666667 0.912246 20.1791 23.3607 88370.7
0.2 0.0666667 0.876774 26.4045 28.4671 83948.3
0.266667 0.0666667 0.801103 35.6334 35.9519 74930
0.333333 0.0666667 0.672076 45.3557 41.7401 60242.5
0.4 0.0666667 0.456491 50.9986 39.1754 38977
0.466667 0.0666667 0.256673 28.2385 11.2466 21411.4
0.533333 0.0666667 0.164347 -5.87882 -19.3136 13451
0.6 0.0666667 0.133323 -7.13492 -12.4056 10782.5
0.666667 0.0666667 0.126185 -2.05149 -3.24404 10119.8
0.733333 0.0666667 0.125106 -0.369157 -0.539225 10011.4
0.8 0.0666667 0.125004 -0.0430718 -0.0583374 10000.5
0.866667 0.0666667 0.125 -0.00356947 -0.00447134 9999.98
0.933333 0.0666667 0.125 -0.000204185 -0.000224924 10000
1 0.0666667 0.125 -2.27644e-05 -9.98664e-06 10000

-1 0.133333 0.125 0.0010895 -3.56171e-05 9999.97
-0.933333 0.133333 0.125 9.00914e-05 3.5617e-05 10000
-0.866667 0.133333 0.125 0.0010895 0.000889448 9999.97
-0.8 0.133333 0.124997 0.0152762 0.0138026 9999.68
-0.733333 0.133333 0.124985 0.148225 0.146666 9997.9
-0.666667 0.133333 0.125003 1.04272 1.10188 9996.07
-0.6 0.133333 0.125716 5.4531 6.06729 10043.5
-0.533333 0.133333 0.131295 20.8204 23.8969 10468.2
-0.466667 0.133333 0.156827 53.857 62.8698 12438.2
-0.4 0.133333 0.23391 90.1746 106.995 18468.2
-0.333333 0.133333 0.430458 71.4403 90.1791 36116.5
-0.266667 0.133333 0.685769 42.1668 53.654 62366.6
-0.2 0.133333 0.867784 25.3376 29.2185 83651.7
-0.133333 0.133333 0.942552 14.4229 14.0494 92776.5
-0.0666667 0.133333 0.936607 17.3481 14.7816 91870.2
0 0.133333 0.851483 32.8253 37.8027 80058.7
0.0666667 0.133333 0.841764 38.974 47.8132 79223.3
0.133333 0.133333 0.840366 43.1145 50.3968 79119.8
0.2 0.133333 0.807336 54.3787 60.063 75002.9
0.266667 0.133333 0.736708 71.8785 75.9565 66574.4
0.333333 0.133333 0.626258 88.7499 89.3675 54265.5
0.4 0.133333 0.445837 104.595 97.5381 37073.8
0.466667 0.133333 0.269859 95.097 81.7695 22718
0.533333 0.133333 0.176435 40.3283 25.6714 15050.8
0.6 0.133333 0.138262 7.713 -0.130122 11439.9
0.666667 0.133333 0.127438 0.621049 -1.50936 10277.5
0.733333 0.133333 0.125304 -0.060114 -0.408511 10035.4
0.8 0.133333 0.125026 -0.0137022 -0.0506625 10003
0.866667 0.133333 0.125001 -0.0015368 -0.00420065 10000.2
0.933333 0.133333 0.125 -0.000112999 -0.000235287 10000
1 0.133333 0.125 -2.35088e-05 -1.30992e-05 10000

-1 0.2 0.125 0.000626109 -8.89037e-06 9999.98
-0.933333 0.2 0.125 3.77654e-05 8.89036e-06 10000
-0.866667 0.2 0.125 0.000626109 0.000414418 9999.98
-0.8 0.2 0.124998 0.00994242 0.00799706 9999.75
-0.733333 0.2 0.124986 0.11044 0.100418 9998.1
-0.666667 0.2 0.124977 0.875822 0.876288 9994.49
-0.6 0.2 0.125382 5.08255 5.37188 10019.8
-0.533333 0.2 0.129238 21.4953 23.5296 10310.2
-0.466667 0.2 0.149405 63.1216 70.4337 11824.7
-0.4 0.2 0.220792 124.261 139.44 16972.9
-0.333333 0.2 0.409338 132.547 153.357 32802.9
-0.266667 0.2 0.662725 101.131 117.343 58520.1
-0.2 0.2 0.861573 62.5403 69.8533 82606.1
-0.133333 0.2 0.951379 37.273 37.8468 94535.2
-0.0666667 0.2 0.927777 36.0881 31.1282 92182.9
0 0.2 0.744561 61.5889 66.1269 66900.7
0.0666667 0.2 0.720792 74.7257 88.9247 63355.5
0.133333 0.2 0.723816 81.9918 94.8357 63926.9
0.2 0.2 0.699645 94.7363 105.221 60898
0.266667 0.2 0.64343 114.227 122.323 54357.9
0.333333 0.2 0.555165 132.161 137.112 45294.7
0.4 0.2 0.419426 148.706 146.653 33601.6
0.466667 0.2 0.276931 140.029 131.693 23332.7
0.533333 0.2 0.187337 78.158 65.9049 16650.4
0.6 0.2 0.143448 24.8882 16.7162 12189.8
0.666667 0.2 0.12875 4.53404 2.02641 10451
0.733333 0.2 0.125519 0.520731 0.0740129 10061.8
0.8 0.2 0.125051 0.0463276 -0.0059485 10005.9
0.866667 0.2 0.125003 0.0029356 -0.00128309 10000.4
0.933333 0.2 0.125 0.000117431 -0.000115739 10000
1 0.2 0.125 -1.25713e-05 -7.73549e-06 10000

-1 0.266667 0.125 0.000268343 4.90903e-07 9999.99
-0.933333 0.266667 0.125 1.26567e-05 -4.90903e-07 10000
-0.866667 0.266667 0.125 0.000268343 0.000152275 9999.99
-0.8 0.266667 0.124999 0.00485968 0.00364724 9999.86
-0.733333 0.266667 0.124992 0.0632876 0.0547815 9998.95
-0.666667 0.266667 0.124994 0.585215 0.570387 9997.72
-0.6 0.266667 0.125306 3.92589 4.07618 10022.4
-0.533333 0.266667 0.128121 19.0475 20.42 10257.2
-0.466667 0.266667 0.143276 63.5576 69.2511 11449.9
-0.4 0.266667 0.20178 138.776 152.7 15606.4
-0.333333 0.266667 0.357734 184.061 206.68 27404.7
-0.266667 0.266667 0.611912 164.269 185.22 51204.5
-0.2 0.266667 0.829814 113.649 125.758 77303.4
-0.133333 0.266667 0.957998 66.4992 67.7697 96024.2
-0.0666667 0.266667 0.928378 54.9521 44.6647 94937.7
0 0.266667 0.635168 88.9932 81.4403 56815
0.0666667 0.266667 0.567477 118.094 134.233 44954.9
0.133333 0.266667 0.580264 133.698 151.269 45822
0.2 0.266667 0.571228 144.754 158.746 44833.6
0.266667 0.266667 0.532657 159.429 170.222 40952
0.333333 0.266667 0.467924 174.427 182.133 35373.5
0.4 0.266667 0.375907 184.218 186.98 28971
0.466667 0.266667 0.275062 164.35 159.91 23270.4
0.533333 0.266667 0.191728 97.4114 87.2143 17587.9
0.6 0.266667 0.145877 34.8614 27.7379 12574.5
0.666667 0.266667 0.129416 7.29059 4.97932 10538.7
0.733333 0.266667 0.125642 0.999652 0.574067 10076.5
0.8 0.266667 0.125066 0.09857 0.0466769 10007.6
0.866667 0.266667 0.125005 0.0070464 0.00263453 10000.5
0.933333 0.266667 0.125 0.000349807 8.65702e-05 10000
1 0.266667 0.125 5.12761e-06 1.61973e-06 10000

-1 0.333333 0.125 0.000108621 6.50061e-07 10000
-0.933333 0.333333 0.125 4.49055e-06 -6.5006e-07 10000
-0.866667 0.333333 0.125 0.000108621 6.16693e-05 10000
-0.8 0.333333 0.125 0.00220179 0.0016978 9999.95
-0.733333 0.333333 0.124998 0.0309515 0.0282768 9999.74
-0.666667 0.333333 0.125011 0.316097 0.31942 10000.8
-0.6 0.333333 0.12527 2.42411 2.5679 10025.7
-0.533333 0.333333 0.127435 13.6872 14.7768 10238.3
-0.466667 0.333333 0.13872 54.3465 58.7704 11248.2
-0.4 0.333333 0.181637 139.093 149.916 14485.3
-0.333333 0.333333 0.295903 226.536 246.206 21854.4
-0.266667 0.333333 0.52566 223.364 248.359 41229.7
-0.2 0.333333 0.78547 174.645 191.898 69471.5
-0.133333 0.333333 0.979082 104.057 106.732 99689
-0.0666667 0.333333 0.973635 73.2435 55.5195 106043
0 0.333333 0.578834 107.768 83.6461 54904
0.0666667 0.333333 0.416154 163.885 175.128 29938.5
0.133333 0.333333 0.431107 189.193 208.142 29398.5
0.2 0.333333 0.441988 196.954 212.723 30600.8
0.266667 0.333333 0.42434 206.249 218.048 29437.6
0.333333 0.333333 0.385657 214.859 222.955 27027.8
0.4 0.333333 0.328576 213.559 217.251 24576.8
0.466667 0.333333 0.261238 177.329 176.087 22686.9
0.533333 0.333333 0.189292 104.86 96.2446 17902.6
0.6 0.333333 0.145477 37.857 31.7585 12594.2
0.666667 0.333333 0.129365 8.03092 6.11295 10535.4
0.733333 0.333333 0.12564 1.12483 0.772817 10076.1
0.8 0.333333 0.125067 0.113542 0.0699121 10007.7
0.866667 0.333333 0.125005 0.00833191 0.00458083 10000.6
0.933333 0.333333 0.125 0.000433966 0.000211639 10000
1 0.333333 0.125 1.71001e-05 7.84983e-06 10000

-1 0.4 0.125 4.27017e-05 6.44393e-08 10000
-0.933333 0.4 0.125 1.98679e-06 -6.44393e-08 10000
-0.866667 0.4 0.125 4.27017e-05 2.8063e-05 10000
-0.8 0.4 0.125 0.000929305 0.000791415 9999.99
-0.733333 0.4 0.125 0.0140819 0.0138911 10000
-0.666667 0.4 0.125014 0.154716 0.164911 10001.5
-0.6 0.4 0.125202 1.26599 1.40563 10022.5
-0.533333 0.4 0.126665 7.8603 8.87297 10185.3
-0.466667 0.4 0.134564 36.67 40.7766 10999.5
-0.4 0.4 0.164799 113.708 122.855 13632.9
-0.333333 0.4 0.252485 232.986 244.933 18940.2
-0.266667 0.4 0.433 274.533 297.737 31571.3
-0.2 0.4 0.728873 224.057 246.041 61447
-0.133333 0.4 1.02275 143.871 150.885 106478
-0.0666667 0.4 1.09033 97.2361 72.3903 131599
0 0.4 0.57009 125.226 81.5379 60033.2
0.0666667 0.4 0.31357 204.725 199.44 22436.6
0.133333 0.4 0.316801 246.069 260.134 18493.1
0.2 0.4 0.340721 248.264 262.483 20290.1
0.266667 0.4 0.34347 248.038 257.559 21482.2
0.333333 0.4 0.327197 245.93 252.048 21638.2
0.4 0.4 0.294359 230.337 233.297 22059.8
0.466667 0.4 0.241716 183.937 183.521 21949.1
0.533333 0.4 0.180757 104.727 98.2447 17557
0.6 0.4 0.142517 36.3463 32.0229 12307.5
0.666667 0.4 0.128643 7.45794 6.22627 10449
0.733333 0.4 0.125524 1.02869 0.812082 10061.7
0.8 0.4 0.125054 0.103182 0.0764015 10006.2
0.866667 0.4 0.125004 0.00759113 0.00522895 10000.5
0.933333 0.4 0.125 0.000398762 0.000253347 10000
1 0.4 0.125 2.03847e-05 1.18803e-05 10000

-1 0.466667 0.125 1.56298e-05 -1.50841e-07 10000
-0.933333 0.466667 0.125 9.14459e-07 1.50841e-07 10000
-0.866667 0.466667 0.125 1.56298e-05 1.25489e-05 10000
-0.8 0.466667 0.125 0.000357607 0.000346814 10000
-0.733333 0.466667 0.125 0.0057283 0.00612393 10000.1
-0.666667 0.466667 0.12501 0.067008 0.075847 10001.2
-0.6 0.466667 0.125122 0.587608 0.689052 10014.2
-0.533333 0.466667 0.125957 3.91498 4.62478 10111.8
-0.466667 0.466667 0.130632 19.8317 23.1314 10631.5
-0.4 0.466667 0.149872 73.5802 82.5625 12581.1
-0.333333 0.466667 0.213348 186.88 199.683 17558.4
-0.266667 0.466667 0.361574 287.425 302.628 26478.7
-0.2 0.466667 0.634923 264.596 291.116 51708.8
-0.133333 0.466667 1.0743 180.937 195.48 117411
-0.0666667 0.466667 1.30118 131.537 101.885 177130
0 0.466667 0.600645 161.148 95.8367 73740.9
0.0666667 0.466667 0.261947 225.449 202.827 21103.1
0.133333 0.466667 0.249664 274.647 276.985 13845.7
0.2 0.466667 0.277496 278.683 287.581 14931.7
0.266667 0.466667 0.291975 267.956 273.731 17695.4
0.333333 0.466667 0.288133 256.46 259.993 19420.1
0.4 0.466667 0.26765 229.638 231.939 21125.9
0.466667 0.466667 0.22296 174.311 174.657 21238.2
0.533333 0.466667 0.167715 91.7161 88.7678 16275.1
0.6 0.466667 0.137218 27.7686 26.2411 11630.9
0.666667 0.466667 0.127344 5.09597 4.7158 10284.9
0.733333 0.466667 0.125319 0.664929 0.597848 10036.9
0.8 0.466667 0.125032 0.0650216 0.0563709 10003.6
0.866667 0.466667 0.125002 0.00473524 0.00392159 10000.3
0.933333 0.466667 0.125 0.000248612 0.000195565 10000
1 0.466667 0.125 1.49251e-05 9.63631e-06 10000

-1 0.533333 0.125 5.03793e-06 -1.18008e-07 10000
-0.933333 0.533333 0.125 3.5518e-07 1.18008e-07 10000
-0.866667 0.533333 0.125 5.03793e-06 4.9478e-06 10000
-0.8 0.533333 0.125 0.000119845 0.000130005 10000
-0.733333 0.533333 0.125 0.00202083 0.00233531 10000
-0.666667 0.533333 0.125005 0.0250971 0.0302005 10000.6
-0.6 0.533333 0.125057 0.234199 0.286312 10006.6
-0.533333 0.533333 0.125464 1.68001 2.06475 10053.7
-0.466667 0.533333 0.127846 9.36929 11.3969 10327.9
-0.4 0.533333 0.138506 40.0524 47.2954 11523.7
-0.333333 0.533333 0.176736 122.129 137.66 15334.8
-0.266667 0.533333 0.286904 243.652 261.97 23993.8
-0.2 0.533333 0.529271 294.312 320.734 43813
-0.133333 0.533333 1.10391 215.005 242.467 132538
-0.0666667 0.533333 1.5911 178.554 148.198 242991
0 0.533333 0.681301 226.346 140.609 97216
0.0666667 0.533333 0.245231 242.998 204.3 23102.3
0.133333 0.533333 0.218045 261.838 254.509 13909.3
0.2 0.533333 0.243004 270.877 272.014 14275.2
0.266667 0.533333 0.258212 259.807 262.004 17096.1
0.333333 0.533333 0.257778 245.023 246.592 19265.4
0.4 0.533333 0.241839 208.837 210.59 21037.9
0.466667 0.533333 0.199218 142.754 144.346 19602.3
0.533333 0.533333 0.151775 60.8917 61.9827 13907.8
0.6 0.533333 0.131368 14.4891 14.3873 10815.8
0.666667 0.533333 0.126061 2.24403 2.21565 10125.9
0.733333 0.533333 0.125133 0.266289 0.260902 10015.2
0.8 0.533333 0.125013 0.0248149 0.0237757 10001.4
0.866667 0.533333 0.125001 0.00175029 0.00164007 10000.1
0.933333 0.533333 0.125 8.97989e-05 8.24209e-05 10000
1 0.533333 0.125 6.21767e-06 4.18518e-06 10000

-1 0.6 0.125 1.37114e-06 -5.49896e-08 10000
-0.933333 0.6 0.125 1.12058e-07 5.49896e-08 10000
-0.866667 0.6 0.125 1.37114e-06 1.54867e-06 10000
-0.8 0.6 0.125 3.3866e-05 4.05186e-05 10000
-0.733333 0.6 0.125 0.000603344 0.000748838 10000
-0.666667 0.6 0.125002 0.00792023 0.00997346 10000.2
-0.6 0.6 0.125022 0.0789836 0.100683 10002.6
-0.533333 0.6 0.125189 0.612378 0.7839 10021.9
-0.466667 0.6 0.126231 3.75149 4.76343 10144
-0.4 0.6 0.131298 18.2809 22.7142 10743.1
-0.333333 0.6 0.151257 68.7156 81.8784 13041.9
-0.266667 0.6 0.218266 176.654 201.305 19907.3
-0.2 0.6 0.425318 282.27 315.225 40403.4
-0.133333 0.6 1.08644 249.13 296.371 143702
-0.0666667 0.6 1.95884 250.183 220.408 337114
0 0.6 0.807194 324.394 216.856 131949
0.0666667 0.6 0.245353 277.218 221.436 28293.7
0.133333 0.6 0.203954 230.123 217.197 16120.8
0.2 0.6 0.21955 227.897 225.542 16066.1
0.266667 0.6 0.2306 223.989 224.723 18111.5
0.333333 0.6 0.228195 208.256 209.691 19894.9
0.4 0.6 0.208769 163.501 168.131 20086
0.466667 0.6 0.168083 91.3013 96.4807 16009.9
0.533333 0.6 0.137614 28.1722 29.791 11669.6
0.6 0.6 0.127581 5.48056 5.6816 10312.5
0.666667 0.6 0.125388 0.783865 0.799232 10044.9
0.733333 0.6 0.125045 0.0879104 0.0880483 10005.1
0.8 0.6 0.125004 0.00768461 0.00755692 10000.4
0.866667 0.6 0.125 0.00051184 0.000493047 10000
0.933333 0.6 0.125 2.50265e-05 2.36064e-05 10000
1 0.6 0.125 1.58781e-06 1.22362e-06 10000

-1 0.666667 0.125 3.13189e-07 -1.84413e-08 10000
-0.933333 0.666667 0.125 3.18389e-08 1.84413e-08 10000
-0.866667 0.666667 0.125 3.13189e-07 3.92852e-07 10000
-0.8 0.666667 0.125 7.9088e-06 1.02808e-05 10000
-0.733333 0.666667 0.125 0.00014899 0.000194218 10000
-0.666667 0.666667 0.125001 0.00208331 0.00275397 10000.1
-0.6 0.666667 0.125007 0.0223133 0.0297794 10000.8
-0.533333 0.666667 0.125064 0.186709 0.249682 10007.4
-0.466667 0.666667 0.125447 1.24773 1.65889 10052.4
-0.4 0.666667 0.127476 6.83063 8.92921 10296.4
-0.333333 0.666667 0.136396 31.1477 39.4306 11408.3
-0.266667 0.666667 0.171732 111.513 135.013 15791.6
-0.2 0.666667 0.319504 247.014 297.584 34258.4
-0.133333 0.666667 1.0191 287.503 359.031 143408
-0.0666667 0.666667 2.29728 352.016 341.169 432785
0 0.666667 0.945109 450.151 333.762 169889
0.0666667 0.666667 0.251986 327.596 271.529 34033.5
0.133333 0.666667 0.193257 192.927 180.796 18334.3
0.2 0.666667 0.193457 166.371 167.293 17183.2
0.266667 0.666667 0.197039 162.324 168.433 18035.4
0.333333 0.666667 0.191273 143.123 152.786 18344.9
0.4 0.666667 0.169169 96.8827 106.607 16229.5
0.466667 0.666667 0.142978 40.23 45.0632 12400.7
0.533333 0.666667 0.129645 10.0704 11.0369 10573.6
0.6 0.666667 0.125854 1.75603 1.88729 10100.5
0.666667 0.666667 0.125118 0.235324 0.247872 10013.5
0.733333 0.666667 0.125013 0.0246711 0.0254944 10001.4
0.8 0.666667 0.125001 0.00200796 0.00203805 10000.1
0.866667 0.666667 0.125 0.000124074 0.000123819 10000
0.933333 0.666667 0.125 5.64618e-06 5.5565e-06 10000
1 0.666667 0.125 3.52124e-07 2.93617e-07 10000

-1 0.733333 0.125 6.59424e-08 -4.25677e-09 10000
-0.933333 0.733333 0.125 7.92033e-09 4.25677e-09 10000
-0.866667 0.733333 0.125 6.59424e-08 8.40828e-08 10000
-0.8 0.733333 0.125 1.50519e-06 2.03566e-06 10000
-0.733333 0.733333 0.125 3.01099e-05 4.1398e-05 10000
-0.666667 0.733333 0.125 0.000451387 0.000628824 10000
-0.6 0.733333 0.125002 0.00517298 0.00725488 10000.2
-0.533333 0.733333 0.125018 0.0464287 0.0651161 10002
-0.466667 0.733333 0.125132 0.336003 0.468557 10015.4
-0.4 0.733333 0.125797 2.04506 2.81536 10095.7
-0.333333 0.733333 0.129118 11.1176 14.9698 10521.8
-0.266667 0.733333 0.145104 56.031 72.812 12801
-0.2 0.733333 0.236207 207.671 263.334 25831.5
-0.133333 0.733333 0.882922 334.739 432.546 129029
-0.0666667 0.733333 2.50159 448.634 464.675 484808
0 0.733333 1.04069 560.705 458.831 192887
0.0666667 0.733333 0.256013 366.134 319.026 37214.2
0.133333 0.733333 0.178687 151.213 143.442 18490.5
0.2 0.733333 0.164146 99.0494 107.986 15342.7
0.266667 0.733333 0.161055 87.7659 99.6459 14966.2
0.333333 0.733333 0.154461 68.2147 79.5258 14057.5
0.4 0.733333 0.141388 36.8968 43.6523 12156.4
0.466667 0.733333 0.130537 12.0434 14.129 10690.4
0.533333 0.733333 0.12631 2.70523 3.11321 10154.9
0.6 0.733333 0.125226 0.450604 0.506614 10026
0.666667 0.733333 0.12503 0.0578617 0.0634982 10003.3
0.733333 0.733333 0.125003 0.00575369 0.00617295 10000.3
0.8 0.733333 0.125 0.000438203 0.000460182 10000
0.866667 0.733333 0.125 2.5013e-05 2.577e-05 10000
0.933333 0.733333 0.125 1.05781e-06 1.07509e-06 10000
1 0.733333 0.125 6.97398e-08 6.2988e-08 10000

-1 0.8 0.125 1.39177e-08 -7.91451e-10 10000
-0.933333 0.8 0.125 1.45022e-09 7.91451e-10 10000
-0.866667 0.8 0.125 1.39177e-08 1.77258e-08 10000
-0.8 0.8 0.125 2.41821e-07 3.40746e-07 10000
-0.733333 0.8 0.125 4.90154e-06 7.15503e-06 10000
-0.666667 0.8 0.125 7.80391e-05 0.000115077 10000
-0.6 0.8 0.125 0.00094925 0.00140524 10000
-0.533333 0.8 0.125004 0.00907591 0.0134093 10000.4
-0.466667 0.8 0.125031 0.0707685 0.103861 10003.5
-0.4 0.8 0.125202 0.477028 0.692869 10023.9
-0.333333 0.8 0.126204 3.07775 4.40998 10153.1
-0.266667 0.8 0.132418 21.4873 30.3863 11105.1
-0.2 0.8 0.180873 142.197 193.43 19453.8
-0.133333 0.8 0.663952 388.084 516.47 98616.3
-0.0666667 0.8 2.3003 513.717 556.838 439537
0 0.8 0.981257 636.645 556.224 181420
0.0666667 0.8 0.241744 364.061 331.318 36219.7
0.133333 0.8 0.157639 97.4064 96.5224 15880
0.2 0.8 0.141218 41.1127 47.8814 12148.3
0.266667 0.8 0.138001 30.7108 37.5811 11663.9
0.333333 0.8 0.133942 19.9419 24.77 11120.7
0.4 0.8 0.129071 8.63074 10.8074 10496.8
0.466667 0.8 0.12624 2.52395 3.11283 10146.5
0.533333 0.8 0.125276 0.543488 0.657838 10031.8
0.6 0.8 0.125046 0.0887479 0.104828 10005.2
0.666667 0.8 0.125006 0.0111029 0.0127971 10000.7
0.733333 0.8 0.125001 0.00106354 0.00119559 10000.1
0.8 0.8 0.125 7.69539e-05 8.4378e-05 10000
0.866667 0.8 0.125 4.12735e-06 4.42131e-06 10000
0.933333 0.8 0.125 1.78465e-07 1.87102e-07 10000
1 0.8 0.125 1.55038e-08 1.2072e-08 10000

-1 0.866667 0.125 2.11077e-09 -1.12561e-10 10000
-0.933333 0.866667 0.125 1.95025e-10 1.12561e-10 10000
-0.866667 0.866667 0.125 2.11077e-09 2.64655e-09 10000
-0.8 0.866667 0.125 3.86738e-08 5.30173e-08 10000
-0.733333 0.866667 0.125 6.2311e-07 9.62736e-07 10000
-0.666667 0.866667 0.125 1.01849e-05 1.59749e-05 10000
-0.6 0.866667 0.125 0.00013057 0.000204857 10000
-0.533333 0.866667 0.125001 0.00132577 0.00207122 10000.1
-0.466667 0.866667 0.125005 0.0111397 0.0172622 10000.6
-0.4 0.866667 0.125039 0.0835512 0.128215 10004.5
-0.333333 0.866667 0.125274 0.64152 0.982407 10034.3
-0.266667 0.866667 0.127247 5.91995 9.24783 10332.3
-0.2 0.866667 0.148165 63.6074 98.1369 14309.6
-0.133333 0.866667 0.419148 378.054 528.027 63704.8
-0.0666667 0.866667 1.61713 590.885 680.405 301933
0 0.866667 0.743091 693.612 654.18 135885
0.0666667 0.866667 0.20361 278.817 278.937 29685.3
0.133333 0.866667 0.137999 39.076 41.1881 12236.6
0.2 0.866667 0.129578 10.697 13.2595 10568.7
0.266667 0.866667 0.128102 6.70747 8.70483 10371.3
0.333333 0.866667 0.126781 3.63928 4.78527 10209.8
0.4 0.866667 0.125692 1.36583 1.78774 10080.8
0.466667 0.866667 0.125198 0.379177 0.491027 10022.6
0.533333 0.866667 0.125042 0.0796447 0.101274 10004.8
0.6 0.866667 0.125007 0.0127577 0.0158838 10000.8
0.666667 0.866667 0.125001 0.00156238 0.00190072 10000.1
0.733333 0.866667 0.125 0.000145444 0.000172636 10000
0.8 0.866667 0.125 1.01598e-05 1.17553e-05 10000
0.866667 0.866667 0.125 5.41446e-07 6.09578e-07 10000
0.933333 0.866667 0.125 3.21686e-08 3.45204e-08 10000
1 0.866667 0.125 2.61689e-09 2.06977e-09 10000

-1 0.933333 0.125 2.9964e-10 -1.51341e-11 10000
-0.933333 0.933333 0.125 2.37639e-11 1.51341e-11 10000
-0.866667 0.933333 0.125 2.9964e-10 3.63751e-10 10000
-0.8 0.933333 0.125 5.51174e-09 7.45998e-09 10000
-0.733333 0.933333 0.125 6.72707e-08 1.02458e-07 10000
-0.666667 0.933333 0.125 9.30609e-07 1.54799e-06 10000
-0.6 0.933333 0.125 1.2365e-05 2.06458e-05 10000
-0.533333 0.933333 0.125 0.000133679 0.000221883 10000
-0.466667 0.933333 0.125001 0.00121938 0.00200669 10000.1
-0.4 0.933333 0.125005 0.0102766 0.0167989 10000.6
-0.333333 0.933333 0.125046 0.0930195 0.153755 10005.6
-0.266667 0.933333 0.125493 1.0374 1.80848 10068.4
-0.2 0.933333 0.131428 14.1563 26.1121 11103.6
-0.133333 0.933333 0.217906 168.261 284.722 29635.9
-0.0666667 0.933333 0.702524 584.928 725.905 127121
0 0.933333 0.387271 579.95 614.387 72245.7
0.0666667 0.933333 0.150771 92.491 109.696 16341.1
0.133333 0.933333 0.127981 7.42977 8.99787 10437
0.2 0.933333 0.125858 1.74916 2.30453 10101.6
0.266667 0.933333 0.125501 0.965894 1.31491 10057.8
0.333333 0.933333 0.12524 0.448146 0.61322 10027.4
0.4 0.933333 0.125083 0.152562 0.207453 10009.4
0.466667 0.933333 0.125022 0.0396937 0.0535461 10002.5
0.533333 0.933333 0.125004 0.00800214 0.0106578 10000.5
0.6 0.933333 0.125001 0.00124306 0.00162744 10000.1
0.666667 0.933333 0.125 0.000147865 0.00018974 10000
0.733333 0.933333 0.125 1.3371e-05 1.67829e-05 10000
0.8 0.933333 0.125 9.25977e-07 1.13373e-06 10000
0.866667 0.933333 0.125 6.26931e-08 7.20257e-08 10000
0.933333 0.933333 0.125 5.33712e-09 5.37132e-09 10000
1 0.933333 0.125 3.54021e-10 2.66797e-10 10000

-1 1 0.125 4.77895e-11 -8.86967e-13 10000
-0.933333 1 0.125 3.45785e-12 8.86967e-13 10000
-0.866667 1 0.125 4.77895e-11 2.7737e-11 10000
-0.8 1 0.125 9.68869e-10 5.55576e-10 10000
-0.733333 1 0.125 1.3245e-08 7.56148e-09 10000
-0.666667 1 0.125 1.80857e-07 5.67508e-08 10000
-0.6 1 0.125 2.47944e-06 6.03553e-07 10000
-0.533333 1 0.125 2.85283e-05 6.52715e-06 10000
-0.466667 1 0.125 0.000282012 6.36725e-05 10000
-0.4 1 0.125001 0.00263518 0.00061049 10000.1
-0.333333 1 0.125013 0.0267926 0.00650761 10001.6
-0.266667 1 0.125158 0.325414 0.0795469 10021.3
-0.2 1 0.127078 4.44215 1.00292 10341
-0.133333 1 0.151755 51.7714 10.8008 15422.1
-0.0666667 1 0.252363 223.163 44.3755 40503.9
0 1 0.174973 172.788 26.9033 22749.6
0.0666667 1 0.131464 22.704 2.14064 11219.2
0.133333 1 0.125872 2.16242 0.195044 10115.7
0.2 1 0.125275 0.561524 0.0763121 10031.8
0.266667 1 0.125147 0.289795 0.0385896 10016.6
0.333333 1 0.125061 0.120826 0.0141944 10006.9
0.4 1 0.125019 0.0377554 0.00391994 10002.1
0.466667 1 0.125005 0.00917229 0.000845252 10000.5
0.533333 1 0.125001 0.0017491 0.000141697 10000.1
0.6 1 0.125 0.000259629 1.82025e-05 10000
0.666667 1 0.125 2.96611e-05 1.7992e-06 10000
0.733333 1 0.125 2.59241e-06 1.51236e-07 10000
0.8 1 0.125 1.79535e-07 2.08544e-08 10000
0.866667 1 0.125 1.31001e-08 4.00751e-09 10000
0.933333 1 0.125 8.25935e-10 2.92965e-10 10000
1 1 0.125 5.17788e-11 1.27012e-11 10000

