-1 -1 0.125 -2.08191e-09 0 10000
-0.933333 -1 0.125 8.13951e-11 -0 10000
-0.866667 -1 0.125 -2.08191e-09 3.7848e-11 10000
-0.8 -1 0.125 -9.25409e-08 5.12117e-10 10000
-0.733333 -1 0.125 -1.87088e-06 3.10786e-08 10000
-0.666667 -1 0.125 -2.50715e-05 5.29592e-07 10000
-0.6 -1 0.125 -0.000238679 6.10216e-06 10000
-0.533333 -1 0.125001 -0.00167962 5.09436e-05 10000.1
-0.466667 -1 0.125005 -0.00904851 0.000325027 10000.5
-0.4 -1 0.125021 -0.039506 0.00170977 10002.3
-0.333333 -1 0.125082 -0.163434 0.00877491 10009.5
-0.266667 -1 0.125434 -0.972375 0.0606295 10055.3
-0.2 -1 0.128611 -10.1114 0.629593 10598.7
-0.133333 -1 0.15558 -112.793 6.40525 18414.1
-0.0666667 -1 0.405203 -585.857 26.5551 103949
0 -1 0.744504 -569.663 34.4177 203422
0.0666667 -1 0.226762 -165.849 17.7405 33953.3
0.133333 -1 0.131142 -12.7472 1.75731 10949.4
0.2 -1 0.12592 -1.84453 0.181648 10114
0.266667 -1 0.125226 -0.435886 0.0330468 10026.3
0.333333 -1 0.125053 -0.101086 0.00660376 10006
0.4 -1 0.12501 -0.0189331 0.00111397 10001.1
0.466667 -1 0.125001 -0.00268685 0.00014545 10000.2
0.533333 -1 0.125 -0.000282711 1.41138e-05 10000
0.6 -1 0.125 -2.1875e-05 9.89314e-07 10000
0.666667 -1 0.125 -1.23217e-06 4.70405e-08 10000
0.733333 -1 0.125 -4.5373e-08 3.28017e-10 10000
0.8 -1 0.125 2.41291e-09 -9.74216e-10 10000
0.866667 -1 0.125 1.02043e-09 -3.99007e-11 10000
0.933333 -1 0.125 4.01489e-11 -1.18393e-12 10000
1 -1 0.125 2.92918e-12 4.17472e-15 10000

-1 -0.933333 0.125 -1.31756e-10 -0 10000
-0.933333 -0.933333 0.125 0 0 10000
-0.866667 -0.933333 0.125 -1.31756e-10 -3.7848e-11 10000
-0.8 -0.933333 0.125 -6.31162e-09 -5.12117e-10 10000
-0.733333 -0.933333 0.125 -1.66183e-07 -3.10786e-08 10000
-0.666667 -0.933333 0.125 -2.6366e-06 -5.29592e-07 10000
-0.6 -0.933333 0.125 -2.8545e-05 -6.10216e-06 10000
-0.533333 -0.933333 0.125 -0.000225406 -5.0944e-05 10000
-0.466667 -0.933333 0.125001 -0.00137555 -0.000325038 10000.1
-0.4 -0.933333 0.125003 -0.00709012 -0.00171 10000.4
-0.333333 -0.933333 0.125018 -0.0378968 -0.00877942 10002
-0.266667 -0.933333 0.125125 -0.288657 -0.0607789 10015.6
-0.2 -0.933333 0.126093 -3.07874 -0.642165 10162.2
-0.133333 -0.933333 0.133496 -30.9751 -7.46485 11707.7
-0.0666667 -0.933333 0.185473 -197.419 -58.015 25335.6
0 -0.933333 0.280495 -244.857 -91.3532 46687
0.0666667 -0.933333 0.157064 -58.0886 -25.6129 16364
0.133333 -0.933333 0.126972 -3.91425 -1.81502 10300.4
0.2 -0.933333 0.125221 -0.45442 -0.182662 10027.2
0.266667 -0.933333 0.125042 -0.0874683 -0.0330956 10004.8
0.333333 -0.933333 0.125008 -0.0172763 -0.00660613 10000.9
0.4 -0.933333 0.125001 -0.00282263 -0.00111405 10000.1
0.466667 -0.933333 0.125 -0.000353258 -0.000145451 10000
0.533333 -0.933333 0.125 -3.27083e-05 -1.41138e-05 10000
0.6 -0.933333 0.125 -2.19038e-06 -9.89314e-07 10000
0.666667 -0.933333 0.125 -1.00543e-07 -4.70405e-08 10000
0.733333 -0.933333 0.125 -3.34826e-10 -3.28017e-10 10000
0.8 -0.933333 0.125 1.76237e-09 9.74216e-10 10000
0.866667 -0.933333 0.125 7.1523e-11 3.99007e-11 10000
0.933333 -0.933333 0.125 2.4549e-12 1.18393e-12 10000
1 -0.933333 0.125 2.82618e-15 -4.17472e-15 10000

-1 -0.866667 0.125 -2.08191e-09 -1.37098e-11 10000
-0.933333 -0.866667 0.125 8.13951e-11 1.37098e-11 10000
-0.866667 -0.866667 0.125 -2.08191e-09 -2.43354e-09 10000
-0.8 -0.866667 0.125 -9.25409e-08 -1.09565e-07 10000
-0.733333 -0.866667 0.125 -1.87088e-06 -2.25531e-06 10000
-0.666667 -0.866667 0.125 -2.50715e-05 -3.08625e-05 10000
-0.6 -0.866667 0.125 -0.000238679 -0.000299889 10000
-0.533333 -0.866667 0.125001 -0.00167962 -0.00214874 10000.1
-0.466667 -0.866667 0.125005 -0.00904851 -0.0117229 10000.5
-0.4 -0.866667 0.125021 -0.039506 -0.0512133 10002.3
-0.333333 -0.866667 0.125082 -0.163434 -0.205161 10009.5
-0.266667 -0.866667 0.125434 -0.972375 -1.13813 10055.2
-0.2 -0.866667 0.128611 -10.1114 -11.8143 10595.2
-0.133333 -0.866667 0.15558 -112.793 -132.697 17890
-0.0666667 -0.866667 0.405203 -585.857 -618.363 76071.3
0 -0.866667 0.744504 -569.663 -712.114 135816
0.0666667 -0.866667 0.226762 -165.849 -286.489 30447.1
0.133333 -0.866667 0.131142 -12.7472 -22.9465 10936
0.2 -0.866667 0.12592 -1.84453 -2.92182 10113.8
0.266667 -0.866667 0.125226 -0.435886 -0.678633 10026.3
0.333333 -0.866667 0.125053 -0.101086 -0.159005 10006
0.4 -0.866667 0.12501 -0.0189331 -0.0301547 10001.1
0.466667 -0.866667 0.125001 -0.00268685 -0.00432364 10000.2
0.533333 -0.866667 0.125 -0.000282711 -0.000456831 10000
0.6 -0.866667 0.125 -2.1875e-05 -3.51545e-05 10000
0.666667 -0.866667 0.125 -1.23217e-06 -1.94949e-06 10000
0.733333 -0.866667 0.125 -4.5373e-08 -7.22446e-08 10000
0.8 -0.866667 0.125 2.41291e-09 1.89174e-09 10000
0.866667 -0.866667 0.125 1.02043e-09 1.04288e-09 10000
0.933333 -0.866667 0.125 4.01489e-11 4.36878e-11 10000
1 -0.866667 0.125 2.92918e-12 1.56857e-12 10000

-1 -0.8 0.125 -3.94582e-08 9.17056e-10 10000
-0.933333 -0.8 0.125 1.58452e-09 -9.17056e-10 10000
-0.866667 -0.8 0.125 -3.94582e-08 -4.36675e-08 10000
-0.8 -0.8 0.125 -1.24501e-06 -1.3996e-06 10000
-0.733333 -0.8 0.125 -2.27047e-05 -2.61235e-05 10000
-0.666667 -0.8 0.125 -0.000281312 -0.000331217 10000
-0.6 -0.8 0.125001 -0.00250582 -0.00301591 10000.1
-0.533333 -0.8 0.125009 -0.0165765 -0.0203525 10001
-0.466667 -0.8 0.125043 -0.083373 -0.104011 10004.9
-0.4 -0.8 0.125165 -0.329758 -0.414335 10018.9
-0.333333 -0.8 0.125538 -1.12946 -1.39061 10063.3
-0.266667 -0.8 0.127024 -4.91025 -5.50706 10266.4
-0.2 -0.8 0.137865 -42.5519 -43.1109 12441.2
-0.133333 -0.8 0.206737 -298.255 -297.413 31042.3
-0.0666667 -0.8 0.74961 -686.221 -640.721 134848
0 -0.8 1.63084 -581.624 -669.224 297226
0.0666667 -0.8 0.414222 -347.143 -500.751 61044.9
0.133333 -0.8 0.148741 -55.5365 -84.3857 13630.1
0.2 -0.8 0.130234 -11.5171 -16.7286 10657.7
0.266667 -0.8 0.126566 -3.2695 -4.79578 10185.5
0.333333 -0.8 0.125411 -0.848855 -1.26779 10047.7
0.4 -0.8 0.125083 -0.174426 -0.264169 10009.5
0.466667 -0.8 0.125013 -0.0269959 -0.0412779 10001.4
0.533333 -0.8 0.125001 -0.00309285 -0.00473872 10000.2
0.6 -0.8 0.125 -0.000260392 -0.000395085 10000
0.666667 -0.8 0.125 -1.59867e-05 -2.36179e-05 10000
0.733333 -0.8 0.125 -6.99301e-07 -9.90402e-07 10000
0.8 -0.8 0.125 -1.2944e-08 -1.97316e-08 10000
0.866667 -0.8 0.125 3.60492e-09 3.54967e-09 10000
0.933333 -0.8 0.125 2.88909e-10 2.89491e-10 10000
1 -0.8 0.125 2.13811e-11 1.06622e-11 10000

-1 -0.733333 0.125 -3.71189e-07 9.62687e-09 10000
-0.933333 -0.733333 0.125 -1.09435e-08 -9.62687e-09 10000
-0.866667 -0.733333 0.125 -3.71189e-07 -3.91622e-07 10000
-0.8 -0.733333 0.125 -9.92594e-06 -1.0665e-05 10000
-0.733333 -0.733333 0.125 -0.000167174 -0.000183745 10000
-0.666667 -0.733333 0.125001 -0.00194867 -0.00219251 10000.1
-0.6 -0.733333 0.125008 -0.0165182 -0.0190139 10001
-0.533333 -0.733333 0.125053 -0.104678 -0.1231 10006
-0.466667 -0.733333 0.125249 -0.503341 -0.603441 10028.6
-0.4 -0.733333 0.12589 -1.8639 -2.25597 10104.5
-0.333333 -0.733333 0.127532 -5.5915 -6.70552 10303.6
-0.266667 -0.733333 0.131782 -17.1775 -18.6703 10913.3
-0.2 -0.733333 0.151985 -90.2627 -84.3793 15296.8
-0.133333 -0.733333 0.242047 -367.927 -335.382 36507.6
-0.0666667 -0.733333 0.958968 -622.108 -535.432 172321
0 -0.733333 2.26596 -498.28 -537.99 414168
0.0666667 -0.733333 0.662591 -379.626 -508.554 92729.3
0.133333 -0.733333 0.194724 -144.748 -190.246 19550.5
0.2 -0.733333 0.146366 -48.5314 -64.1044 12709.5
0.266667 -0.733333 0.132386 -16.5671 -22.6793 10894.4
0.333333 -0.733333 0.127124 -4.73658 -6.6782 10249.2
0.4 -0.733333 0.125464 -1.04903 -1.51039 10053.6
0.466667 -0.733333 0.125074 -0.174712 -0.25414 10008.5
0.533333 -0.733333 0.125009 -0.0215317 -0.0313282 10001
0.6 -0.733333 0.125001 -0.00194754 -0.00279419 10000.1
0.666667 -0.733333 0.125 -0.000128329 -0.00017784 10000
0.733333 -0.733333 0.125 -6.07153e-06 -7.93151e-06 10000
0.8 -0.733333 0.125 -1.88077e-07 -2.25365e-07 10000
0.866667 -0.733333 0.125 4.29683e-09 4.45899e-09 10000
0.933333 -0.733333 0.125 1.76255e-09 1.76237e-09 10000
1 -0.733333 0.125 1.42149e-10 8.2004e-11 10000

-1 -0.666667 0.125 -2.42937e-06 7.9195e-08 10000
-0.933333 -0.666667 0.125 -9.36772e-08 -7.9195e-08 10000
-0.866667 -0.666667 0.125 -2.42937e-06 -2.4855e-06 10000
-0.8 -0.666667 0.125 -5.70807e-05 -5.91412e-05 10000
-0.733333 -0.666667 0.125 -0.000883428 -0.000933141 10000.1
-0.666667 -0.666667 0.125005 -0.00967344 -0.010442 10000.6
-0.6 -0.666667 0.125039 -0.0781317 -0.0862326 10004.5
-0.533333 -0.666667 0.125234 -0.476181 -0.537532 10026.9
-0.466667 -0.666667 0.126049 -2.20751 -2.5392 10123.3
-0.4 -0.666667 0.128525 -7.73355 -9.00896 10423.7
-0.333333 -0.666667 0.13397 -20.6836 -24.0246 11104.8
-0.266667 -0.666667 0.142713 -44.9595 -48.2297 12357.9
-0.2 -0.666667 0.166626 -128.355 -118.141 17653.3
-0.133333 -0.666667 0.256821 -355.505 -310.179 37200
-0.0666667 -0.666667 0.992258 -538.302 -433.195 176259
0 -0.666667 2.42142 -428.963 -440.098 444096
0.0666667 -0.666667 0.905189 -329.667 -422.835 121680
0.133333 -0.666667 0.28849 -250.445 -297.859 29147.9
0.2 -0.666667 0.189246 -132.969 -159.235 17632.7
0.266667 -0.666667 0.150292 -58.1568 -73.1645 13038.2
0.333333 -0.666667 0.132972 -19.042 -25.1327 10943.9
0.4 -0.666667 0.126874 -4.58779 -6.25695 10217.2
0.466667 -0.666667 0.125321 -0.822526 -1.14079 10036.8
0.533333 -0.666667 0.125039 -0.109061 -0.151269 10004.4
0.6 -0.666667 0.125003 -0.0106178 -0.0144751 10000.4
0.666667 -0.666667 0.125 -0.000753974 -0.000987873 10000
0.733333 -0.666667 0.125 -3.8495e-05 -4.70349e-05 10000
0.8 -0.666667 0.125 -1.37578e-06 -1.4972e-06 10000
0.866667 -0.666667 0.125 -1.93175e-08 -1.60157e-08 10000
0.933333 -0.666667 0.125 4.58396e-09 4.77739e-09 10000
1 -0.666667 0.125 5.58888e-10 3.29449e-10 10000

-1 -0.6 0.125 -1.2274e-05 4.59826e-07 10000
-0.933333 -0.6 0.125 -5.4665e-07 -4.59826e-07 10000
-0.866667 -0.6 0.125 -1.2274e-05 -1.21519e-05 10000
-0.8 -0.6 0.125 -0.000256903 -0.000257527 10000
-0.733333 -0.6 0.125002 -0.00364734 -0.00372072 10000.2
-0.666667 -0.6 0.125019 -0.0373493 -0.0388645 10002.1
-0.6 -0.6 0.125141 -0.286052 -0.303985 10016.2
-0.533333 -0.6 0.125798 -1.66946 -1.81135 10093.5
-0.466667 -0.6 0.128399 -7.42082 -8.20636 10408.6
-0.4 -0.6 0.135841 -24.4225 -27.5222 11350
-0.333333 -0.6 0.149488 -56.5785 -63.3613 13024.6
-0.266667 -0.6 0.162504 -92.0326 -97.6857 14850.7
-0.2 -0.6 0.180766 -154.87 -144.058 18646.1
-0.133333 -0.6 0.254197 -304.877 -254.096 34297.6
-0.0666667 -0.6 0.883458 -426.166 -308.974 150163
0 -0.6 2.16933 -334.568 -318.489 385077
0.0666667 -0.6 1.06306 -285.659 -349.846 135643
0.133333 -0.6 0.431365 -320.963 -355.961 39015.4
0.2 -0.6 0.270705 -243.046 -267.518 24814.3
0.266667 -0.6 0.190801 -138.734 -160.111 17177
0.333333 -0.6 0.148061 -56.5705 -69.2545 12655.9
0.4 -0.6 0.130893 -15.4562 -19.9177 10682.2
0.466667 -0.6 0.126081 -3.01804 -3.99185 10124.2
0.533333 -0.6 0.12514 -0.432887 -0.574663 10015.9
0.6 -0.6 0.125012 -0.0455786 -0.0593327 10001.4
0.666667 -0.6 0.125001 -0.0035015 -0.00436138 10000.1
0.733333 -0.6 0.125 -0.000193844 -0.000222469 10000
0.8 -0.6 0.125 -7.5949e-06 -7.58863e-06 10000
0.866667 -0.6 0.125 -1.83548e-07 -1.36725e-07 10000
0.933333 -0.6 0.125 5.9807e-09 7.22105e-09 10000
1 -0.6 0.125 1.41531e-09 1.44218e-09 10000

-1 -0.533333 0.125 -4.8942e-05 1.91389e-06 10000
-0.933333 -0.533333 0.125 -2.38835e-06 -1.91389e-06 10000
-0.866667 -0.533333 0.125 -4.8942e-05 -4.64784e-05 10000
-0.8 -0.533333 0.125 -0.000936097 -0.000905355 10000.1
-0.733333 -0.533333 0.125006 -0.0122962 -0.0121291 10000.7
-0.666667 -0.533333 0.125059 -0.117755 -0.118499 10006.7
-0.6 -0.533333 0.125413 -0.850906 -0.874087 10047.9
-0.533333 -0.533333 0.127194 -4.71025 -4.92905 10261.1
-0.466667 -0.533333 0.133747 -19.6112 -20.8559 11086.5
-0.4 -0.533333 0.151424 -58.2697 -63.44 13380.3
-0.333333 -0.533333 0.17734 -113.921 -122.64 16409.9
-0.266667 -0.533333 0.190423 -151.208 -155.072 17232.6
-0.2 -0.533333 0.195568 -177.843 -168.709 18176.4
-0.133333 -0.533333 0.248462 -239.844 -190.045 29137.4
-0.0666667 -0.533333 0.730377 -293.612 -186.938 112236
0 -0.533333 1.77657 -230.452 -193.892 287282
0.0666667 -0.533333 1.09628 -248.056 -287.517 132936
0.133333 -0.533333 0.560192 -321.119 -346.402 46535.6
0.2 -0.533333 0.380243 -318.485 -334.762 29897.4
0.266667 -0.533333 0.260631 -237.784 -254.916 22068
0.333333 -0.533333 0.178809 -124.867 -141.577 15591.2
0.4 -0.533333 0.140144 -41.294 -50.0683 11701.4
0.466667 -0.533333 0.127991 -9.00117 -11.3656 10339.5
0.533333 -0.533333 0.125413 -1.4069 -1.79252 10046.7
0.6 -0.533333 0.125038 -0.160663 -0.200402 10004.3
0.666667 -0.533333 0.125002 -0.0133561 -0.0158012 10000.2
0.733333 -0.533333 0.125 -0.00079975 -0.000860351 10000
0.8 -0.533333 0.125 -3.3655e-05 -3.03475e-05 10000
0.866667 -0.533333 0.125 -9.43523e-07 -4.95442e-07 10000
0.933333 -0.533333 0.125 -3.66081e-09 1.11677e-08 10000
1 -0.533333 0.125 2.96681e-09 4.07997e-09 10000

-1 -0.466667 0.125 -0.000155642 5.97999e-06 10000
-0.933333 -0.466667 0.125 -7.90655e-06 -5.97999e-06 10000
-0.866667 -0.466667 0.125 -0.000155642 -0.000140465 10000
-0.8 -0.466667 0.125001 -0.00279724 -0.0025933 10000.2
-0.733333 -0.466667 0.125017 -0.0345424 -0.0328453 10002
-0.666667 -0.466667 0.125154 -0.311269 -0.303026 10017.6
-0.6 -0.466667 0.126011 -2.11461 -2.1043 10119.3
-0.533333 -0.466667 0.13 -10.9043 -11.0765 10609.6
-0.466667 -0.466667 0.143306 -41.1577 -42.2455 12356.8
-0.4 -0.466667 0.176896 -107.781 -112.008 16612.6
-0.333333 -0.466667 0.21306 -174.819 -179.34 19058.9
-0.266667 -0.466667 0.221289 -206.543 -207.362 17640.4
-0.2 -0.466667 0.214084 -204.627 -198.431 16963.7
-0.133333 -0.466667 0.248512 -198.258 -162.936 23942.4
-0.0666667 -0.466667 0.603342 -185.498 -104.748 79985.9
0 -0.466667 1.38029 -152.859 -117.027 195659
0.0666667 -0.466667 1.06621 -201.112 -218.104 119411
0.133333 -0.466667 0.666742 -279.339 -300.369 54601.3
0.2 -0.466667 0.482667 -315.927 -333.35 35094.1
0.266667 -0.466667 0.351125 -311.548 -324.649 24777.3
0.333333 -0.466667 0.229698 -213.26 -226.633 18757.7
0.4 -0.466667 0.157922 -88.9215 -101.343 13402.9
0.466667 -0.466667 0.132008 -22.3687 -26.9343 10772.4
0.533333 -0.466667 0.126023 -3.84081 -4.69903 10114.1
0.6 -0.466667 0.125097 -0.476045 -0.570512 10010.8
0.666667 -0.466667 0.125005 -0.0427446 -0.0482986 10000.6
0.733333 -0.466667 0.125 -0.00275175 -0.00276426 10000
0.8 -0.466667 0.125 -0.000123514 -9.64413e-05 10000
0.866667 -0.466667 0.125 -3.72735e-06 -1.39317e-06 10000
0.933333 -0.466667 0.125 -5.25918e-08 3.64962e-08 10000
1 -0.466667 0.125 7.04473e-09 8.91435e-09 10000

-1 -0.4 0.125 -0.000413969 1.51083e-05 10000
-0.933333 -0.4 0.125 -2.22832e-05 -1.51083e-05 10000
-0.866667 -0.4 0.125 -0.000413969 -0.000355866 10000
-0.8 -0.4 0.125003 -0.00713771 -0.00634491 10000.4
-0.733333 -0.4 0.125041 -0.0843222 -0.0772641 10004.6
-0.666667 -0.4 0.125342 -0.72425 -0.681588 10039.6
-0.6 -0.4 0.127123 -4.65338 -4.47597 10253.9
-0.533333 -0.4 0.134754 -22.1193 -21.6653 11229
-0.466667 -0.4 0.157088 -71.754 -71.7139 14358.1
-0.4 -0.4 0.20434 -151.102 -151.953 19304.7
-0.333333 -0.4 0.244096 -213.011 -216.783 19679.4
-0.266667 -0.4 0.250338 -240.335 -243.441 17070.3
-0.2 -0.4 0.238714 -233.982 -231.893 15881.3
-0.133333 -0.4 0.258032 -188.765 -166.939 21186.7
-0.0666667 -0.4 0.531516 -129.458 -71.4727 60125.3
0 -0.4 1.10659 -106.712 -75.9942 138310
0.0666667 -0.4 1.00594 -155.015 -161.917 104118
0.133333 -0.4 0.748001 -229.914 -246.499 62448
0.2 -0.4 0.578968 -272.26 -289.822 43929.2
0.266667 -0.4 0.437142 -306.52 -326.83 30024.5
0.333333 -0.4 0.298298 -288.388 -301.151 20743.9
0.4 -0.4 0.187369 -158.814 -169.661 15425.2
0.466667 -0.4 0.139261 -46.8487 -53.8193 11475.8
0.533333 -0.4 0.127175 -8.95057 -10.5316 10232.8
0.6 -0.4 0.125209 -1.20422 -1.38784 10022.6
0.666667 -0.4 0.12501 -0.116656 -0.125467 10001
0.733333 -0.4 0.125 -0.00806456 -0.00757315 9999.96
0.8 -0.4 0.125 -0.000389337 -0.000252487 9999.99
0.866667 -0.4 0.125 -1.2381e-05 -2.65663e-06 10000
0.933333 -0.4 0.125 -2.18405e-07 1.63596e-07 10000
1 -0.4 0.125 2.1935e-08 2.28303e-08 10000

-1 -0.333333 0.125 -0.000817253 2.62873e-05 10000
-0.933333 -0.333333 0.125 -3.92303e-05 -2.62874e-05 10000
-0.866667 -0.333333 0.125 -0.000817253 -0.000618539 10000
-0.8 -0.333333 0.125007 -0.0138597 -0.011086 10000.8
-0.733333 -0.333333 0.125079 -0.159522 -0.134014 10009
-0.666667 -0.333333 0.125633 -1.31533 -1.15375 10074.5
-0.6 -0.333333 0.128669 -7.9268 -7.19686 10445.9
-0.533333 -0.333333 0.140341 -33.8317 -31.5024 11938.8
-0.466667 -0.333333 0.17009 -94.0449 -89.8494 16007.2
-0.4 -0.333333 0.224967 -172.417 -172.052 20524
-0.333333 -0.333333 0.271492 -223.549 -228.505 20412.4
-0.266667 -0.333333 0.285155 -245.759 -253.543 18168.9
-0.2 -0.333333 0.277255 -245.456 -251.44 16694.5
-0.133333 -0.333333 0.287275 -190.293 -180.353 21111.9
-0.0666667 -0.333333 0.503414 -112.183 -73.3873 49284.6
0 -0.333333 0.947069 -80.4866 -58.1654 105566
0.0666667 -0.333333 0.943875 -112.479 -115.547 94060.4
0.133333 -0.333333 0.797896 -178.325 -190.637 69344.4
0.2 -0.333333 0.66714 -221.51 -236.781 53934.8
0.266667 -0.333333 0.535713 -255.483 -276.043 40634
0.333333 -0.333333 0.373312 -288.125 -312.186 25367.1
0.4 -0.333333 0.226914 -230.859 -240.547 16751.9
0.466667 -0.333333 0.150513 -83.5514 -91.9937 12370.4
0.533333 -0.333333 0.129027 -17.9279 -20.3415 10406
0.6 -0.333333 0.125379 -2.63838 -2.92902 10038
0.666667 -0.333333 0.125012 -0.27688 -0.285256 10000.9
0.733333 -0.333333 0.124998 -0.0206618 -0.0182775 9999.76
0.8 -0.333333 0.125 -0.00109162 -0.000616282 9999.96
0.866667 -0.333333 0.125 -3.79992e-05 -4.93276e-06 10000
0.933333 -0.333333 0.125 -7.4665e-07 5.39927e-07 10000
1 -0.333333 0.125 6.42008e-08 6.32621e-08 10000

-1 -0.266667 0.125001 -0.00105896 2.43678e-05 10000.1
-0.933333 -0.266667 0.125 -4.41845e-05 -2.43679e-05 10000
-0.866667 -0.266667 0.125001 -0.00105896 -0.000640622 10000.1
-0.8 -0.266667 0.12501 -0.0179261 -0.0118693 10001.1
-0.733333 -0.266667 0.125111 -0.204674 -0.146878 10012.8
-0.666667 -0.266667 0.12587 -1.6567 -1.27972 10102.9
-0.6 -0.266667 0.129881 -9.62764 -7.95571 10588.1
-0.533333 -0.266667 0.144574 -38.3679 -33.8089 12381.3
-0.466667 -0.266667 0.180595 -97.4815 -90.5058 16696.7
-0.4 -0.266667 0.242139 -171.693 -170.323 21369.6
-0.333333 -0.266667 0.302619 -213.192 -217.968 22549.3
-0.266667 -0.266667 0.33837 -223.803 -234.475 22522.4
-0.2 -0.266667 0.34406 -221.305 -235.039 21864.4
-0.133333 -0.266667 0.35134 -183.136 -186.897 24569.9
-0.0666667 -0.266667 0.509673 -109.256 -86.0241 45786.4
0 -0.266667 0.879443 -65.7643 -51.4223 90263.2
0.0666667 -0.266667 0.92149 -73.5229 -75.4028 90448.7
0.133333 -0.266667 0.834942 -117.954 -127.565 76207.9
0.2 -0.266667 0.74592 -166.789 -179.533 64050.6
0.266667 -0.266667 0.640794 -199.204 -216.586 52538
0.333333 -0.266667 0.466479 -234.994 -262.07 35595.1
0.4 -0.266667 0.270974 -241.847 -265.22 19131.3
0.466667 -0.266667 0.166331 -129.907 -138.076 13127.1
0.533333 -0.266667 0.131659 -32.2066 -35.0983 10603.7
0.6 -0.266667 0.125602 -5.06592 -5.45965 10052.6
0.666667 -0.266667 0.125005 -0.580665 -0.580295 9999.24
0.733333 -0.266667 0.124994 -0.0473724 -0.0402088 9999.22
0.8 -0.266667 0.124999 -0.00277295 -0.00160462 9999.88
0.866667 -0.266667 0.125 -0.000108772 -2.11012e-05 9999.99
0.933333 -0.266667 0.125 -2.56417e-06 1.05937e-06 10000
1 -0.266667 0.125 1.44657e-07 1.4237e-07 10000

-1 -0.2 0.125001 -0.000984964 1.38942e-05 10000.1
-0.933333 -0.2 0.125 -3.18064e-05 -1.38943e-05 10000
-0.866667 -0.2 0.125001 -0.000984964 -0.000451275 10000.1
-0.8 -0.2 0.12501 -0.016867 -0.00892771 10001.2
-0.733333 -0.2 0.125118 -0.194206 -0.116888 10013.7
-0.666667 -0.2 0.125933 -1.58111 -1.07243 10110
-0.6 -0.2 0.130245 -9.21578 -6.97304 10622.4
-0.533333 -0.2 0.14614 -36.5487 -30.6025 12480.9
-0.466667 -0.2 0.186908 -91.0623 -82.6333 16810.1
-0.4 -0.2 0.260065 -157.603 -154.218 22236.9
-0.333333 -0.2 0.344468 -187.605 -191.353 26452.5
-0.266667 -0.2 0.420722 -182.772 -193.877 30561.6
-0.2 -0.2 0.454553 -171.895 -188.562 32400.8
-0.133333 -0.2 0.457763 -150.893 -164.958 33646.8
-0.0666667 -0.2 0.553431 -101.613 -91.8111 47814.2
0 -0.2 0.866324 -52.9535 -44.3154 85711.3
0.0666667 -0.2 0.926859 -44.566 -46.0227 90888.2
0.133333 -0.2 0.885908 -64.3943 -71.6301 84043.6
0.2 -0.2 0.818247 -103.806 -114.871 74725.3
0.266667 -0.2 0.732715 -142.886 -156.874 64091.5
0.333333 -0.2 0.573704 -171.557 -194.08 47660.5
0.4 -0.2 0.341935 -191.398 -221.851 26018.4
0.466667 -0.2 0.18293 -150.994 -164.712 13751.6
0.533333 -0.2 0.134787 -48.0125 -51.7909 10760.2
0.6 -0.2 0.125911 -8.90271 -9.38703 10068.1
0.666667 -0.2 0.124985 -1.10704 -1.0856 9994.71
0.733333 -0.2 0.124985 -0.0979765 -0.0820629 9997.91
0.8 -0.2 0.124997 -0.0063107 -0.00407529 9999.76
0.866667 -0.2 0.125 -0.000282951 -9.39125e-05 9999.98
0.933333 -0.2 0.125 -8.13532e-06 4.84277e-07 10000
1 -0.2 0.125 1.56527e-07 2.44206e-07 10000

-1 -0.133333 0.125001 -0.000637518 -3.22617e-06 10000.1
-0.933333 -0.133333 0.125 -2.5499e-06 3.22618e-06 10000
-0.866667 -0.133333 0.125001 -0.000637518 -6.62999e-05 10000.1
-0.8 -0.133333 0.125009 -0.0117157 -0.00296174 10001
-0.733333 -0.133333 0.125105 -0.141087 -0.053962 10012.1
-0.666667 -0.133333 0.125849 -1.19978 -0.620852 10099.3
-0.6 -0.133333 0.129879 -7.26052 -4.69604 10568.2
-0.533333 -0.133333 0.145223 -29.9459 -22.9855 12300.4
-0.466667 -0.133333 0.187051 -76.9152 -66.7612 16494.4
-0.4 -0.133333 0.269765 -135.207 -128.652 22802.4
-0.333333 -0.133333 0.394807 -152.063 -152.519 31405.6
-0.266667 -0.133333 0.524446 -138.063 -146.443 41634.2
-0.2 -0.133333 0.595552 -122.662 -137.707 47967.8
-0.133333 -0.133333 0.61059 -107.467 -124.209 49511.8
-0.0666667 -0.133333 0.656163 -79.6708 -81.7049 56518
0 -0.133333 0.889657 -38.3991 -33.5305 86742.4
0.0666667 -0.133333 0.948954 -24.2244 -25.8796 93335
0.133333 -0.133333 0.934087 -30.9614 -35.2253 90898.1
0.2 -0.133333 0.885373 -50.2914 -57.6784 84600.8
0.266667 -0.133333 0.801192 -81.6549 -92.447 74095.2
0.333333 -0.133333 0.659768 -111.325 -127.703 57714.8
0.4 -0.133333 0.418312 -134.001 -159.816 33729.8
0.466667 -0.133333 0.205368 -134.462 -153.93 15316
0.533333 -0.133333 0.138948 -55.4669 -61.5473 10976.4
0.6 -0.133333 0.126331 -12.6037 -13.5547 10083.4
0.666667 -0.133333 0.124984 -1.85056 -1.86621 9991.74
0.733333 -0.133333 0.124975 -0.189256 -0.168898 9996.64
0.8 -0.133333 0.124995 -0.0135582 -0.00925019 9999.53
0.866667 -0.133333 0.125 -0.000670444 -0.000311809 9999.97
0.933333 -0.133333 0.125 -2.19598e-05 -5.04414e-06 10000
1 -0.133333 0.125 -2.18528e-07 2.26108e-07 10000

-1 -0.0666667 0.125 -2.27316e-05 -2.28711e-05 10000
-0.933333 -0.0666667 0.125 3.13555e-05 2.28711e-05 10000
-0.866667 -0.0666667 0.125 -2.27316e-05 0.000418098 10000
-0.8 -0.0666667 0.125005 -0.00180772 0.0055104 10000.6
-0.733333 -0.0666667 0.12507 -0.0336899 0.0430955 10008
-0.666667 -0.0666667 0.125612 -0.397855 0.140483 10069.6
-0.6 -0.0666667 0.128784 -3.0141 -0.461234 10421
-0.533333 -0.0666667 0.142069 -16.0195 -8.48645 11831.3
-0.466667 -0.0666667 0.181848 -50.0472 -37.495 15696.1
-0.4 -0.0666667 0.268184 -98.9632 -87.9776 22877.9
-0.333333 -0.0666667 0.435171 -110.131 -104.813 35893.4
-0.266667 -0.0666667 0.618136 -94.8688 -97.2194 52630.4
-0.2 -0.0666667 0.723863 -78.4322 -87.193 64049
-0.133333 -0.0666667 0.762215 -63.9653 -76.6638 68148.5
-0.0666667 -0.0666667 0.791333 -48.6826 -56.7086 72009
0 -0.0666667 0.929813 -22.3861 -20.9463 90572.4
0.0666667 -0.0666667 0.96843 -10.159 -10.6744 95589.1
0.133333 -0.0666667 0.95835 -11.5256 -13.04 94408.3
0.2 -0.0666667 0.922033 -18.1921 -21.3808 89815.7
0.266667 -0.0666667 0.844334 -31.2024 -37.424 80359.9
0.333333 -0.0666667 0.701373 -51.9178 -63.3174 63494.1
0.4 -0.0666667 0.458596 -77.3774 -99.0173 38450
0.466667 -0.0666667 0.230183 -95.9553 -117.423 17737.8
0.533333 -0.0666667 0.146033 -51.4488 -60.731 11531.1
0.6 -0.0666667 0.127352 -13.8102 -15.765 10158.5
0.666667 -0.0666667 0.125063 -2.39298 -2.58629 9997.77
0.733333 -0.0666667 0.124975 -0.283672 -0.283034 9996.6
0.8 -0.0666667 0.124995 -0.0234869 -0.0204047 9999.39
0.866667 -0.0666667 0.125 -0.00135527 -0.000922669 9999.95
0.933333 -0.0666667 0.125 -5.10188e-05 -2.67997e-05 10000
1 -0.0666667 0.125 -1.65731e-06 -4.36589e-07 10000

-1 0 0.125 0.00044323 -2.77536e-05 10000
-0.933333 0 0.125 4.73749e-05 2.77536e-05 10000
-0.866667 0 0.125 0.00044323 0.000613524 10000
-0.8 0 0.125001 0.00663348 0.0102002 10000.2
-0.733333 0 0.125028 0.0644446 0.108839 10003
-0.666667 0 0.125322 0.399157 0.763448 10033.7
-0.6 0 0.12742 1.57503 3.54589 10244
-0.533333 0 0.137609 1.28955 8.06134 11224.3
-0.466667 0 0.172221 -8.38818 5.53136 14398.1
-0.4 0 0.258624 -41.7105 -25.5466 22044.8
-0.333333 0 0.452068 -59.9406 -48.9339 38540.1
-0.266667 0 0.681163 -51.5158 -48.7307 60767.1
-0.2 0 0.816624 -38.8671 -41.9712 76274.3
-0.133333 0 0.873631 -28.3018 -34.6279 83199.2
-0.0666667 0 0.89792 -20.4597 -25.4351 86266.4
0 0 0.949937 -6.66247 -5.30167 93212.4
0.0666667 0 0.966876 0.877347 1.74685 95497
0.133333 0 0.95788 2.16816 2.38557 94363.9
0.2 0 0.925025 2.76017 1.94067 90226.6
0.266667 0 0.850963 2.72751 -0.184026 81301.6
0.333333 0 0.71319 0.478246 -7.19883 65314.8
0.4 0 0.469785 -12.1377 -29.3972 40492.1
0.466667 0 0.247625 -40.1344 -61.1128 20105.4
0.533333 0 0.154577 -36.0489 -47.992 12379.1
0.6 0 0.129533 -11.8276 -15.3279 10377.8
0.666667 0 0.125383 -2.35498 -2.93005 10031.8
0.733333 0 0.125003 -0.314222 -0.36666 9999.79
0.8 0 0.124997 -0.028953 -0.0312105 9999.61
0.866667 0 0.125 -0.00185465 -0.00171687 9999.95
0.933333 0 0.125 -7.51735e-05 -5.99033e-05 10000
1 0 0.125 -4.22783e-06 -1.46654e-06 10000

-1 0.0666667 0.125 0.000535312 -1.89553e-05 9999.99
-0.933333 0.0666667 0.125 4.11095e-05 1.89552e-05 10000
-0.866667 0.0666667 0.125 0.000535312 0.000518121 9999.99
-0.8 0.0666667 0.124999 0.00890823 0.00937211 9999.88
-0.733333 0.0666667 0.124999 0.0967982 0.111848 9999.68
-0.666667 0.0666667 0.125099 0.729792 0.899084 10007.5
-0.6 0.0666667 0.126267 3.89849 5.029 10107.8
-0.533333 0.0666667 0.13357 13.6105 18.3602 10728.3
-0.466667 0.0666667 0.163781 30.8886 42.657 13258.2
-0.4 0.0666667 0.247177 29.002 48.0173 20505.3
-0.333333 0.0666667 0.452798 2.44626 18.4541 39123.9
-0.266667 0.0666667 0.709166 -7.01692 0.491848 64974.7
-0.2 0.0666667 0.868324 -5.83587 -4.82978 83362.3
-0.133333 0.0666667 0.934558 -4.8729 -6.70912 91314.2
-0.0666667 0.0666667 0.946535 -0.519935 -2.65022 92835.5
0 0.0666667 0.935892 8.09901 10.5223 91409.6
0.0666667 0.0666667 0.940178 12.6243 16.2019 91994.8
0.133333 0.0666667 0.932064 16.0205 18.8194 90963.5
0.2 0.0666667 0.897938 22.3411 24.2391 86656.6
0.266667 0.0666667 0.824533 32.0997 32.4715 77808.9
0.333333 0.0666667 0.695421 43.2702 39.686 62969.3
0.4 0.0666667 0.470971 51.5915 38.9868 40550.7
0.466667 0.0666667 0.260486 32.2742 13.9902 21846.7
0.533333 0.0666667 0.164228 -2.20773 -16.8323 13518.1
0.6 0.0666667 0.132941 -5.35872 -10.8875 10765.4
0.666667 0.0666667 0.126055 -1.47048 -2.63044 10109.9
0.733333 0.0666667 0.125086 -0.235411 -0.382645 10009.5
0.8 0.0666667 0.125004 -0.0237943 -0.035267 10000.4
0.866667 0.0666667 0.125 -0.0016232 -0.002197 10000
0.933333 0.0666667 0.125 -7.09705e-05 -8.3742e-05 10000
1 0.0666667 0.125 -6.06997e-06 -2.62248e-06 10000

-1 0.133333 0.125 0.000432024 -9.12732e-06 9999.99
-0.933333 0.133333 0.125 2.42124e-05 9.12731e-06 10000
-0.866667 0.133333 0.125 0.000432024 0.000337983 9999.99
-0.8 0.133333 0.124998 0.00782141 0.00695899 9999.83
-0.733333 0.133333 0.12499 0.0923036 0.0911297 9998.66
-0.666667 0.133333 0.124999 0.756884 0.805906 9997.12
-0.6 0.133333 0.125577 4.46088 5.0449 10037.3
-0.533333 0.133333 0.130701 18.7175 21.9211 10438.8
-0.466667 0.133333 0.156013 51.6233 61.4818 12423.4
-0.4 0.133333 0.235717 89.6596 108.357 18697.8
-0.333333 0.133333 0.445585 69.9077 90.2714 37789.1
-0.266667 0.133333 0.708192 41.678 53.4598 64946.1
-0.2 0.133333 0.882362 24.8979 29.1904 85386.4
-0.133333 0.133333 0.954183 13.7193 14.0944 94196.8
-0.0666667 0.133333 0.952537 15.2247 13.6371 93824.8
0 0.133333 0.878998 26.6099 31.7402 83930.8
0.0666667 0.133333 0.8704 30.7238 39.0003 82960
0.133333 0.133333 0.866006 35.0924 41.9012 82441.7
0.2 0.133333 0.831263 46.4342 51.9181 78100.9
0.266667 0.133333 0.758677 65.4412 69.6118 69324.2
0.333333 0.133333 0.645536 84.8744 85.7393 56548
0.4 0.133333 0.457405 103.713 96.3299 38377.1
0.466667 0.133333 0.272974 98.914 84.8667 23117.4
0.533333 0.133333 0.17617 43.9644 28.4297 15110.7
0.6 0.133333 0.137524 9.17751 1.17047 11382.8
0.666667 0.133333 0.12712 1.00908 -0.988596 10243.6
0.733333 0.133333 0.125238 0.0366894 -0.255982 10027.7
0.8 0.133333 0.125018 -0.00116807 -0.0282544 10002.1
0.866667 0.133333 0.125001 -0.000327418 -0.00196733 10000.1
0.933333 0.133333 0.125 -2.41191e-05 -8.45707e-05 10000
1 0.133333 0.125 -5.93958e-06 -3.35402e-06 10000

-1 0.2 0.125 0.000241003 -1.59852e-06 9999.99
-0.933333 0.2 0.125 9.27998e-06 1.59852e-06 10000
-0.866667 0.2 0.125 0.000241003 0.000143793 9999.99
-0.8 0.2 0.124999 0.00495836 0.0038192 9999.87
-0.733333 0.2 0.124991 0.0671446 0.0598201 9998.82
-0.666667 0.2 0.124981 0.621269 0.620729 9996.08
-0.6 0.2 0.125296 4.09821 4.36455 10016.5
-0.533333 0.2 0.128713 19.1336 21.2119 10283.4
-0.466667 0.2 0.148043 60.3698 68.2558 11763.9
-0.4 0.2 0.220499 124.911 141.951 17014.6
-0.333333 0.2 0.421319 130.103 153.118 34242
-0.266667 0.2 0.678696 99.2748 116.226 60499.1
-0.2 0.2 0.868234 60.7833 68.5669 83398.7
-0.133333 0.2 0.953403 34.7879 36.1654 94603.6
-0.0666667 0.2 0.936238 32.7759 29.0283 92894.6
0 0.2 0.770493 54.6715 61.4476 69962.8
0.0666667 0.2 0.751323 64.7587 79.2347 67429.1
0.133333 0.2 0.752456 71.255 83.6605 67795.7
0.2 0.2 0.722596 84.904 95.2736 63980.6
0.266667 0.2 0.661313 107.074 115.498 56611.8
0.333333 0.2 0.568386 127.957 133.413 46868.9
0.4 0.2 0.426098 147.207 145.311 34442.5
0.466667 0.2 0.278386 141.822 133.313 23558.5
0.533333 0.2 0.185928 79.7589 67.0356 16581.3
0.6 0.2 0.141982 24.6649 16.5858 12030.8
0.666667 0.2 0.128152 4.22405 1.96632 10379
0.733333 0.2 0.125389 0.459456 0.102424 10046
0.8 0.2 0.125033 0.0367234 0.000673922 10003.8
0.866667 0.2 0.125002 0.00201885 -0.000394315 10000.2
0.933333 0.2 0.125 7.24663e-05 -3.09604e-05 10000
1 0.2 0.125 -2.67638e-06 -1.55512e-06 10000

-1 0.266667 0.125 9.57301e-05 4.19494e-07 10000
-0.933333 0.266667 0.125 2.78939e-06 -4.19494e-07 10000
-0.866667 0.266667 0.125 9.57301e-05 4.77151e-05 10000
-0.8 0.266667 0.124999 0.00226743 0.00159427 9999.93
-0.733333 0.266667 0.124995 0.0361963 0.0304978 9999.38
-0.666667 0.266667 0.124994 0.393724 0.381717 9998.46
-0.6 0.266667 0.125239 3.01796 3.15075 10018.7
-0.533333 0.266667 0.127677 16.3806 17.7359 10229.5
-0.466667 0.266667 0.141836 59.8579 65.8257 11374
-0.4 0.266667 0.199812 139.573 154.875 15525.2
-0.333333 0.266667 0.361355 182.881 208.854 28084.5
-0.266667 0.266667 0.617205 162.666 185.099 52248.1
-0.2 0.266667 0.824955 112.907 126.178 76854.5
-0.133333 0.266667 0.949991 64.7481 67.0918 94676.1
-0.0666667 0.266667 0.929024 53.5539 43.8687 94291.1
0 0.266667 0.649917 87.0078 82.7456 57469.8
0.0666667 0.266667 0.598332 110.321 128.236 48470.5
0.133333 0.266667 0.609527 123.084 141.406 49405.7
0.2 0.266667 0.593088 136.061 150.443 47499.8
0.266667 0.266667 0.547037 153.508 164.547 42644.9
0.333333 0.266667 0.475874 170.961 179.021 36337
0.4 0.266667 0.377251 183.341 186.266 29377.3
0.466667 0.266667 0.273784 164.664 159.775 23332.2
0.533333 0.266667 0.189036 96.053 85.6188 17317.8
0.6 0.266667 0.143713 32.2408 25.3116 12303.8
0.666667 0.266667 0.128582 6.11814 4.09055 10434.8
0.733333 0.266667 0.125459 0.749 0.420368 10054.3
0.8 0.266667 0.12504 0.0641794 0.0298333 10004.7
0.866667 0.266667 0.125002 0.00383865 0.00144575 10000.3
0.933333 0.266667 0.125 0.00015232 4.33236e-05 10000
1 0.266667 0.125 1.97845e-06 7.92728e-07 10000

-1 0.333333 0.125 3.55415e-05 2.47219e-07 10000
-0.933333 0.333333 0.125 9.04764e-07 -2.47219e-07 10000
-0.866667 0.333333 0.125 3.55415e-05 1.76931e-05 10000
-0.8 0.333333 0.125 0.000950229 0.000693812 9999.98
-0.733333 0.333333 0.124999 0.0164616 0.014797 9999.86
-0.666667 0.333333 0.125007 0.198318 0.2011 10000.6
-0.6 0.333333 0.125198 1.73488 1.86165 10019.7
-0.533333 0.333333 0.127022 11.0609 12.1165 10203.1
-0.466667 0.333333 0.137393 48.664 53.2889 11163.5
-0.4 0.333333 0.17918 135.274 146.846 14395.1
-0.333333 0.333333 0.292493 228.445 250.562 21782.8
-0.266667 0.333333 0.520373 223.532 251.005 41140.8
-0.2 0.333333 0.769615 175.84 194.41 67728.2
-0.133333 0.333333 0.959782 105.089 109.368 96588.1
-0.0666667 0.333333 0.966944 76.0809 58.3779 103863
0 0.333333 0.575035 112.61 90.0005 53528.8
0.0666667 0.333333 0.436374 159.209 173.865 31510.8
0.133333 0.333333 0.454782 179.918 200.346 31736.3
0.2 0.333333 0.460165 188.862 205.179 32551.3
0.266667 0.333333 0.435327 201.104 213.371 30688.6
0.333333 0.333333 0.389975 212.226 220.645 27705.7
0.4 0.333333 0.326718 213.31 216.772 24828.8
0.466667 0.333333 0.25627 177.233 175.43 22613.4
0.533333 0.333333 0.184898 101.096 92.3212 17417.2
0.6 0.333333 0.142776 33.8312 28.2163 12243.5
0.666667 0.333333 0.128417 6.44521 4.85882 10416.5
0.733333 0.333333 0.125441 0.798805 0.541448 10051.9
0.8 0.333333 0.125039 0.0694735 0.0420895 10004.5
0.866667 0.333333 0.125002 0.00422501 0.00226544 10000.3
0.933333 0.333333 0.125 0.000171092 8.04221e-05 10000
1 0.333333 0.125 4.56936e-06 2.25459e-06 10000

-1 0.4 0.125 1.27247e-05 3.02469e-08 10000
-0.933333 0.4 0.125 3.96879e-07 -3.02469e-08 10000
-0.866667 0.4 0.125 1.27247e-05 7.84885e-06 10000
-0.8 0.4 0.125 0.00036729 0.00030573 10000
-0.733333 0.4 0.125 0.00689698 0.00680741 10000
-0.666667 0.4 0.125009 0.090006 0.0970689 10001
-0.6 0.4 0.125141 0.848183 0.959821 10015.8
-0.533333 0.4 0.1263 5.88606 6.80239 10146.1
-0.466667 0.4 0.133179 30.4414 34.6465 10871.9
-0.4 0.4 0.161334 103.642 113.649 13434.3
-0.333333 0.4 0.246661 229.93 242.428 18714.9
-0.266667 0.4 0.422375 275.886 300.812 30764.3
-0.2 0.4 0.699327 227.139 250.811 58334.4
-0.133333 0.4 0.98847 150.581 160.201 100554
-0.0666667 0.4 1.07695 105.585 80.5165 127695
0 0.4 0.553787 136.798 92.6795 57051
0.0666667 0.4 0.318414 209.141 209.18 22055
0.133333 0.4 0.329689 240.396 257.336 19652.2
0.2 0.4 0.352476 241.227 256.18 21693.2
0.266667 0.4 0.349684 244.116 254.07 22321.2
0.333333 0.4 0.32873 244.185 250.438 22150.6
0.4 0.4 0.291598 228.807 231.641 22362
0.466667 0.4 0.235275 181.146 180.317 21776.6
0.533333 0.4 0.174516 98.0812 92.0102 16858.4
0.6 0.4 0.139255 30.8467 27.3475 11860.4
0.666667 0.4 0.127634 5.5273 4.68693 10319.7
0.733333 0.4 0.125331 0.666471 0.535568 10038.5
0.8 0.4 0.125029 0.0574004 0.0432273 10003.3
0.866667 0.4 0.125002 0.003489 0.00243633 10000.2
0.933333 0.4 0.125 0.000142044 9.10358e-05 10000
1 0.4 0.125 5.0557e-06 3.14174e-06 10000

-1 0.466667 0.125 4.19144e-06 -3.33055e-08 10000
-0.933333 0.466667 0.125 1.73796e-07 3.33055e-08 10000
-0.866667 0.466667 0.125 4.19144e-06 3.36976e-06 10000
-0.8 0.466667 0.125 0.000127392 0.000124748 10000
-0.733333 0.466667 0.125 0.00254376 0.00276628 10000
-0.666667 0.466667 0.125006 0.0356018 0.0412079 10000.7
-0.6 0.466667 0.12508 0.361821 0.434958 10009.2
-0.533333 0.466667 0.125699 2.7244 3.30646 10080.9
-0.466667 0.466667 0.129507 15.3334 18.3665 10505.5
-0.4 0.466667 0.146354 62.4029 71.6892 12265.6
-0.333333 0.466667 0.205161 173.915 188.15 17120.4
-0.266667 0.466667 0.346607 282.658 298.779 25689.8
-0.2 0.466667 0.596208 270.138 297.409 47930.7
-0.133333 0.466667 1.02232 192.943 210.114 109133
-0.0666667 0.466667 1.2817 145.034 115.971 169886
0 0.466667 0.576216 180.364 112.086 68626.3
0.0666667 0.466667 0.257384 238.41 218.792 19591.2
0.133333 0.466667 0.255926 276.263 281.819 14083.3
0.2 0.466667 0.284648 273.992 283.847 15844.1
0.266667 0.466667 0.295 265.489 271.367 18365.8
0.333333 0.466667 0.287768 254.623 258.309 19846.4
0.4 0.466667 0.263681 225.246 227.434 21477.4
0.466667 0.466667 0.215055 164.779 164.795 20857.4
0.533333 0.466667 0.16026 78.2259 77.0249 15179.8
0.6 0.466667 0.134016 20.5487 19.6985 11175.5
0.666667 0.466667 0.126503 3.27888 3.07254 10179.4
0.733333 0.466667 0.125176 0.373402 0.340387 10020.2
0.8 0.466667 0.125015 0.0312593 0.027493 10001.7
0.866667 0.466667 0.125001 0.00187511 0.00157858 10000.1
0.933333 0.466667 0.125 7.60788e-05 6.08095e-05 10000
1 0.466667 0.125 3.23544e-06 2.10548e-06 10000

-1 0.533333 0.125 1.18713e-06 -2.65877e-08 10000
-0.933333 0.533333 0.125 6.50661e-08 2.65877e-08 10000
-0.866667 0.533333 0.125 1.18713e-06 1.21467e-06 10000
-0.8 0.533333 0.125 3.76028e-05 4.20845e-05 10000
-0.733333 0.533333 0.125 0.000797368 0.000951729 10000
-0.666667 0.533333 0.125003 0.011961 0.0148551 10000.3
-0.6 0.533333 0.125034 0.130456 0.164581 10003.9
-0.533333 0.533333 0.125311 1.066 1.35321 10035.8
-0.466667 0.533333 0.127112 6.64336 8.34354 10243.3
-0.4 0.533333 0.135853 31.4087 38.217 11238.5
-0.333333 0.533333 0.169041 105.704 121.937 14680.6
-0.266667 0.533333 0.26775 228.167 248.815 22852.8
-0.2 0.533333 0.489246 296.144 323.135 40459.2
-0.133333 0.533333 1.03082 227.581 260.2 119899
-0.0666667 0.533333 1.55984 196.951 168.793 230079
0 0.533333 0.646951 253.727 163.462 89965.7
0.0666667 0.533333 0.236299 256.514 220.265 21139.9
0.133333 0.533333 0.221092 265.647 259.505 13855.4
0.2 0.533333 0.246551 268.773 271.101 14824.4
0.266667 0.533333 0.258869 257.984 260.311 17674
0.333333 0.533333 0.256003 241.488 243.176 19675.5
0.4 0.533333 0.235098 199.449 201.362 21252.5
0.466667 0.533333 0.188017 125.268 128.025 18463
0.533333 0.533333 0.144725 44.9148 46.0089 12752.3
0.6 0.533333 0.1291 8.81195 8.92594 10506
0.666667 0.533333 0.1256 1.22589 1.22191 10070.2
0.733333 0.533333 0.125065 0.128778 0.125859 10007.3
0.8 0.533333 0.125005 0.0101796 0.00971732 10000.6
0.866667 0.533333 0.125 0.000584017 0.000542287 10000
0.933333 0.533333 0.125 2.29215e-05 2.06228e-05 10000
1 0.533333 0.125 1.01237e-06 7.5728e-07 10000

-1 0.6 0.125 2.80805e-07 -1.08965e-08 10000
-0.933333 0.6 0.125 2.22346e-08 1.08965e-08 10000
-0.866667 0.6 0.125 2.80805e-07 3.34406e-07 10000
-0.8 0.6 0.125 9.09803e-06 1.14842e-05 10000
-0.733333 0.6 0.125 0.000207103 0.000268682 10000
-0.666667 0.6 0.125001 0.00332588 0.00435606 10000.1
-0.6 0.6 0.125012 0.0391731 0.0519344 10001.4
-0.533333 0.6 0.125115 0.348838 0.464341 10013.2
-0.466667 0.6 0.125835 2.39841 3.16631 10097.7
-0.4 0.6 0.129666 12.9158 16.6578 10550.2
-0.333333 0.6 0.14576 53.6722 66.1285 12440.8
-0.266667 0.6 0.201996 154.82 180.427 18437.4
-0.2 0.6 0.380222 273.345 310.306 36011.6
-0.133333 0.6 0.98588 258.682 312.656 122461
-0.0666667 0.6 1.85303 283.194 259.847 307390
0 0.6 0.760107 363.348 253.49 120238
0.0666667 0.6 0.232897 286.896 235.521 25520.5
0.133333 0.6 0.204175 227.925 217.514 15847.1
0.2 0.6 0.220439 224.65 223.451 16478.9
0.266667 0.6 0.228247 219.469 220.474 18618.3
0.333333 0.6 0.223186 198.652 201.096 20138
0.4 0.6 0.198066 146.577 154.112 19316
0.466667 0.6 0.157193 70.5964 75.4627 14524
0.533333 0.6 0.1334 18.451 19.6245 11066.6
0.6 0.6 0.126504 3.12548 3.27027 10178.3
0.666667 0.6 0.125197 0.393075 0.404184 10022.6
0.733333 0.6 0.125019 0.0379312 0.038318 10002.2
0.8 0.6 0.125001 0.00276571 0.00274684 10000.2
0.866667 0.6 0.125 0.000146987 0.000143487 10000
0.933333 0.6 0.125 5.39361e-06 5.17588e-06 10000
1 0.6 0.125 2.38918e-07 2.00732e-07 10000

-1 0.666667 0.125 5.87432e-08 -2.79773e-09 10000
-0.933333 0.666667 0.125 5.28819e-09 2.79773e-09 10000
-0.866667 0.666667 0.125 5.87432e-08 7.58837e-08 10000
-0.8 0.666667 0.125 1.77578e-06 2.42695e-06 10000
-0.733333 0.666667 0.125 4.35761e-05 5.9561e-05 10000
-0.666667 0.666667 0.125 0.00075656 0.00104815 10000
-0.6 0.666667 0.125003 0.00967386 0.0135363 10000.4
-0.533333 0.666667 0.125035 0.0935846 0.131169 10004
-0.466667 0.666667 0.125272 0.703603 0.979776 10031.6
-0.4 0.666667 0.126653 4.24159 5.8013 10196
-0.333333 0.666667 0.133177 21.1375 27.9853 11005
-0.266667 0.666667 0.160158 85.2172 107.045 14417.3
-0.2 0.666667 0.275208 225.206 276.005 28775.1
-0.133333 0.666667 0.870639 295.133 373.591 114505
-0.0666667 0.666667 2.09006 379.025 383.599 369761
0 0.666667 0.861484 476.87 373.678 144970
0.0666667 0.666667 0.23688 317.283 270.034 30037.4
0.133333 0.666667 0.189544 178.54 170.646 17604.1
0.2 0.666667 0.18993 155.898 160.264 17026.3
0.266667 0.666667 0.191268 149.347 158.702 17827
0.333333 0.666667 0.182145 124.157 136.807 17557.2
0.4 0.666667 0.158612 74.893 85.1044 14750.7
0.466667 0.666667 0.137004 26.511 30.4392 11569.3
0.533333 0.666667 0.12775 5.80192 6.49033 10332
0.6 0.666667 0.125446 0.898476 0.982232 10051.7
0.666667 0.666667 0.125054 0.105414 0.112516 10006.1
0.733333 0.666667 0.125005 0.00940219 0.00982523 10000.5
0.8 0.666667 0.125 0.000625552 0.000641656 10000
0.866667 0.666667 0.125 2.99941e-05 3.03294e-05 10000
0.933333 0.666667 0.125 1.00005e-06 1.00425e-06 10000
1 0.666667 0.125 4.68384e-08 4.43718e-08 10000

-1 0.733333 0.125 1.21213e-08 -5.10489e-10 10000
-0.933333 0.733333 0.125 9.31351e-10 5.10489e-10 10000
-0.866667 0.733333 0.125 1.21213e-08 1.56834e-08 10000
-0.8 0.733333 0.125 2.85924e-07 4.02951e-07 10000
-0.733333 0.733333 0.125 7.34394e-06 1.06804e-05 10000
-0.666667 0.733333 0.125 0.000138347 0.000204072 10000
-0.6 0.733333 0.125001 0.0019063 0.00283177 10000.1
-0.533333 0.733333 0.125008 0.0198545 0.0294763 10000.9
-0.466667 0.733333 0.12507 0.161716 0.238474 10008
-0.4 0.733333 0.125462 1.07721 1.56846 10054.5
-0.333333 0.733333 0.127573 6.2753 8.93908 10317.6
-0.266667 0.733333 0.138262 34.6012 47.5881 11803.8
-0.2 0.733333 0.200578 160.549 211.756 20982
-0.133333 0.733333 0.683876 342.111 449.281 94123
-0.0666667 0.733333 2.05348 451.346 480.994 363604
0 0.733333 0.865481 564.062 477.332 148463
0.0666667 0.733333 0.231546 322.203 287.2 31089.7
0.133333 0.733333 0.168761 119.39 119.369 16633.4
0.2 0.733333 0.157649 82.0349 92.9884 14477.8
0.266667 0.733333 0.154656 70.3017 82.7618 14023.8
0.333333 0.733333 0.146882 49.49 59.6858 12877.1
0.4 0.733333 0.135472 22.935 28.148 11355.1
0.466667 0.733333 0.128168 6.63061 8.0279 10385.3
0.533333 0.733333 0.12567 1.33955 1.58681 10078.3
0.6 0.733333 0.125103 0.199833 0.230504 10011.7
0.666667 0.733333 0.125012 0.0224461 0.0251961 10001.3
0.733333 0.733333 0.125001 0.00188663 0.00206263 10000.1
0.8 0.733333 0.125 0.000115938 0.000123658 10000
0.866667 0.733333 0.125 5.0244e-06 5.25381e-06 10000
0.933333 0.733333 0.125 1.61864e-07 1.67628e-07 10000
1 0.733333 0.125 9.34997e-09 7.70838e-09 10000

-1 0.8 0.125 1.7048e-09 -5.8509e-11 10000
-0.933333 0.8 0.125 1.01351e-10 5.8509e-11 10000
-0.866667 0.8 0.125 1.7048e-09 2.16219e-09 10000
-0.8 0.8 0.125 4.38046e-08 6.14651e-08 10000
-0.733333 0.8 0.125 9.70775e-07 1.51405e-06 10000
-0.666667 0.8 0.125 1.92937e-05 3.05485e-05 10000
-0.6 0.8 0.125 0.000283118 0.000449551 10000
-0.533333 0.8 0.125001 0.00314919 0.00498353 10000.2
-0.466667 0.8 0.125013 0.0276431 0.0433889 10001.5
-0.4 0.8 0.125096 0.202652 0.314553 10011.2
-0.333333 0.8 0.125615 1.3704 2.10204 10075.3
-0.266667 0.8 0.129023 9.98319 15.2219 10556.9
-0.2 0.8 0.156926 80.7254 119.749 15352.1
-0.133333 0.8 0.461006 355.845 489.577 65339.5
-0.0666667 0.8 1.60299 517.903 585.675 282090
0 0.8 0.717593 622.619 568.074 122002
0.0666667 0.8 0.206465 272.09 261.424 28022.5
0.133333 0.8 0.145057 56.6455 60.7849 13246.2
0.2 0.8 0.136424 27.4435 33.7926 11458.3
0.266667 0.8 0.133893 19.9135 25.3403 11104.5
0.333333 0.8 0.130394 11.3906 14.7777 10662.6
0.4 0.8 0.127104 4.24803 5.52804 10251.7
0.466667 0.8 0.125582 1.13168 1.45314 10067.8
0.533333 0.8 0.125117 0.221322 0.278181 10013.3
0.6 0.8 0.125017 0.0323025 0.0395735 10001.9
0.666667 0.8 0.125002 0.00352441 0.00420393 10000.2
0.733333 0.8 0.125 0.000284304 0.000329765 10000
0.8 0.8 0.125 1.65214e-05 1.86235e-05 10000
0.866667 0.8 0.125 6.80103e-07 7.46374e-07 10000
0.933333 0.8 0.125 2.81713e-08 2.98463e-08 10000
1 0.8 0.125 1.32537e-09 1.05035e-09 10000

-1 0.866667 0.125 2.37393e-10 -6.2387e-12 10000
-0.933333 0.866667 0.125 1.04681e-11 6.2387e-12 10000
-0.866667 0.866667 0.125 2.37393e-10 2.921e-10 10000
-0.8 0.866667 0.125 6.37632e-09 8.97352e-09 10000
-0.733333 0.866667 0.125 1.0195e-07 1.638e-07 10000
-0.666667 0.866667 0.125 1.87138e-06 3.193e-06 10000
-0.6 0.866667 0.125 2.89264e-05 4.93472e-05 10000
-0.533333 0.866667 0.125 0.000343855 0.000582532 10000
-0.466667 0.866667 0.125002 0.00326792 0.00547929 10000.2
-0.4 0.866667 0.125014 0.0266383 0.044161 10001.6
-0.333333 0.866667 0.125105 0.211191 0.349019 10012.6
-0.266667 0.866667 0.125905 1.94221 3.3016 10121.8
-0.2 0.866667 0.134896 22.4184 39.5046 11643.1
-0.133333 0.866667 0.255472 217.174 349.664 35171.1
-0.0666667 0.866667 0.888213 558.285 675.114 154163
0 0.866667 0.455341 596.813 601.116 79499.5
0.0666667 0.866667 0.161763 130.391 144.626 18591.6
0.133333 0.866667 0.130569 14.0834 16.9264 10787.7
0.2 0.866667 0.127547 5.49653 7.27726 10304.2
0.266667 0.866667 0.126684 3.39931 4.62863 10197.5
0.333333 0.866667 0.125831 1.59597 2.19391 10097.1
0.4 0.866667 0.125281 0.524802 0.717329 10032.2
0.466667 0.866667 0.125072 0.130834 0.177182 10008.1
0.533333 0.866667 0.125014 0.0246725 0.0328625 10001.5
0.6 0.866667 0.125002 0.00349468 0.00455845 10000.2
0.666667 0.866667 0.125 0.000369385 0.000470595 10000
0.733333 0.866667 0.125 2.87266e-05 3.56739e-05 10000
0.8 0.866667 0.125 1.62011e-06 1.95911e-06 10000
0.866667 0.866667 0.125 7.76923e-08 8.89013e-08 10000
0.933333 0.866667 0.125 4.6558e-09 4.60126e-09 10000
1 0.866667 0.125 1.59367e-10 1.18096e-10 10000

-1 0.933333 0.125 1.98596e-11 -5.51063e-13 10000
-0.933333 0.933333 0.125 8.28681e-13 5.51063e-13 10000
-0.866667 0.933333 0.125 1.98596e-11 2.45024e-11 10000
-0.8 0.933333 0.125 5.39734e-10 7.23737e-10 10000
-0.733333 0.933333 0.125 1.06585e-08 1.59533e-08 10000
-0.666667 0.933333 0.125 1.17901e-07 2.06424e-07 10000
-0.6 0.933333 0.125 1.76217e-06 3.22273e-06 10000
-0.533333 0.933333 0.125 2.26835e-05 4.11444e-05 10000
-0.466667 0.933333 0.125 0.000239277 0.000428907 10000
-0.4 0.933333 0.125001 0.00223615 0.00396953 10000.1
-0.333333 0.933333 0.125012 0.0211296 0.0377677 10001.4
-0.266667 0.933333 0.125129 0.228518 0.430047 10016.2
-0.2 0.933333 0.126653 2.82127 5.93024 10240.5
-0.133333 0.933333 0.14728 38.1215 81.3295 14141.4
-0.0666667 0.933333 0.247442 223.38 334.703 37416.8
0 0.933333 0.176876 159.702 199.932 22767.3
0.0666667 0.933333 0.130531 15.076 20.6889 10974.5
0.133333 0.933333 0.125799 1.69678 2.2801 10101.1
0.2 0.933333 0.125354 0.678075 0.962369 10040.8
0.266667 0.933333 0.125202 0.370222 0.530903 10023
0.333333 0.933333 0.125081 0.145258 0.207686 10009.2
0.4 0.933333 0.125024 0.0422187 0.0602033 10002.7
0.466667 0.933333 0.125005 0.00951904 0.013511 10000.6
0.533333 0.933333 0.125001 0.00166262 0.00233418 10000.1
0.6 0.933333 0.125 0.000221182 0.000305576 10000
0.666667 0.933333 0.125 2.20624e-05 2.99007e-05 10000
0.733333 0.933333 0.125 1.63586e-06 2.17138e-06 10000
0.8 0.933333 0.125 1.0155e-07 1.28011e-07 10000
0.866667 0.933333 0.125 8.42488e-09 8.43321e-09 10000
0.933333 0.933333 0.125 3.68487e-10 3.80979e-10 10000
1 0.933333 0.125 1.22518e-11 9.68117e-12 10000

-1 1 0.125 5.26014e-13 -0 10000
-0.933333 1 0.125 0 0 10000
-0.866667 1 0.125 5.26014e-13 3.08929e-13 10000
-0.8 1 0.125 2.92196e-11 1.75129e-11 10000
-0.733333 1 0.125 7.65555e-10 4.51171e-10 10000
-0.666667 1 0.125 1.19052e-08 6.8502e-09 10000
-0.6 1 0.125 1.83559e-07 5.30495e-08 10000
-0.533333 1 0.125 2.71021e-06 6.14385e-07 10000
-0.466667 1 0.125 3.35511e-05 7.22761e-06 10000
-0.4 1 0.125 0.000376057 8.13822e-05 10000
-0.333333 1 0.125002 0.00422235 0.000928532 10000.2
-0.266667 1 0.125024 0.0490085 0.010498 10003
-0.2 1 0.125269 0.507267 0.0962721 10034.9
-0.133333 1 0.127396 4.13917 0.553315 10320.7
-0.0666667 1 0.132276 13.7412 1.11511 10998.1
0 1 0.127791 8.55462 0.911101 10400.6
0.0666667 1 0.125543 1.49934 0.154058 10071
0.133333 1 0.12515 0.340482 0.0385037 10017.5
0.2 1 0.12508 0.168129 0.0212871 10009
0.266667 1 0.125041 0.0844813 0.00952018 10004.6
0.333333 1 0.125014 0.0288351 0.00271238 10001.6
0.4 1 0.125003 0.00715593 0.000574567 10000.4
0.466667 1 0.125001 0.0013826 9.51866e-05 10000.1
0.533333 1 0.125 0.000209332 1.21175e-05 10000
0.6 1 0.125 2.42947e-05 1.17058e-06 10000
0.666667 1 0.125 2.10905e-06 9.28157e-08 10000
0.733333 1 0.125 1.38858e-07 1.58599e-08 10000
0.8 1 0.125 9.67765e-09 2.96212e-09 10000
0.866667 1 0.125 4.78831e-10 1.664e-10 10000
0.933333 1 0.125 1.23697e-11 4.90529e-12 10000
1 1 0.125 1.37382e-40 0 10000

