-1 -1 0.125 0 0 10000
-0.933333 -1 0.125 0 -0 10000
-0.866667 -1 0.125 0 -0 10000
-0.8 -1 0.125 0 -0 10000
-0.733333 -1 0.125 0 -0 10000
-0.666667 -1 0.125 0 -0 10000
-0.6 -1 0.125 0 -0 10000
-0.533333 -1 0.125 0 -0 10000
-0.466667 -1 0.125 0 -0 10000
-0.4 -1 0.125 0 -0 10000
-0.333333 -1 0.125 0 -0 10000
-0.266667 -1 0.125 0 -0 10000
-0.2 -1 0.125 0 -0 10000
-0.133333 -1 0.125 0 -0 10000
-0.0666667 -1 0.125 0 -0 10000
0 -1 0.125 0 -0 10000
0.0666667 -1 0.125 0 -0 10000
0.133333 -1 0.125 0 -0 10000
0.2 -1 0.125 0 -0 10000
0.266667 -1 0.125 0 -0 10000
0.333333 -1 0.125 0 -0 10000
0.4 -1 0.125 0 -0 10000
0.466667 -1 0.125 0 -0 10000
0.533333 -1 0.125 0 -0 10000
0.6 -1 0.125 0 -0 10000
0.666667 -1 0.125 0 -0 10000
0.733333 -1 0.125 0 -0 10000
0.8 -1 0.125 0 -0 10000
0.866667 -1 0.125 0 -0 10000
0.933333 -1 0.125 0 -0 10000
1 -1 0.125 1.27673e-32 -0 10000

-1 -0.933333 0.125 0 -0 10000
-0.933333 -0.933333 0.125 0 0 10000
-0.866667 -0.933333 0.125 0 0 10000
-0.8 -0.933333 0.125 0 0 10000
-0.733333 -0.933333 0.125 0 0 10000
-0.666667 -0.933333 0.125 0 0 10000
-0.6 -0.933333 0.125 0 0 10000
-0.533333 -0.933333 0.125 0 0 10000
-0.466667 -0.933333 0.125 0 0 10000
-0.4 -0.933333 0.125 0 0 10000
-0.333333 -0.933333 0.125 0 0 10000
-0.266667 -0.933333 0.125 0 0 10000
-0.2 -0.933333 0.125 0 0 10000
-0.133333 -0.933333 0.125 0 0 10000
-0.0666667 -0.933333 0.125 0 0 10000
0 -0.933333 0.125 0 0 10000
0.0666667 -0.933333 0.125 0 0 10000
0.133333 -0.933333 0.125 0 0 10000
0.2 -0.933333 0.125 0 0 10000
0.266667 -0.933333 0.125 0 0 10000
0.333333 -0.933333 0.125 0 0 10000
0.4 -0.933333 0.125 0 0 10000
0.466667 -0.933333 0.125 0 0 10000
0.533333 -0.933333 0.125 0 0 10000
0.6 -0.933333 0.125 0 0 10000
0.666667 -0.933333 0.125 0 0 10000
0.733333 -0.933333 0.125 0 0 10000
0.8 -0.933333 0.125 0 0 10000
0.866667 -0.933333 0.125 0 0 10000
0.933333 -0.933333 0.125 0 0 10000
1 -0.933333 0.125 1.27673e-32 0 10000

-1 -0.866667 0.125 0 -0 10000
-0.933333 -0.866667 0.125 0 0 10000
-0.866667 -0.866667 0.125 0 0 10000
-0.8 -0.866667 0.125 0 0 10000
-0.733333 -0.866667 0.125 0 0 10000
-0.666667 -0.866667 0.125 0 0 10000
-0.6 -0.866667 0.125 0 0 10000
-0.533333 -0.866667 0.125 0 0 10000
-0.466667 -0.866667 0.125 0 0 10000
-0.4 -0.866667 0.125 0 0 10000
-0.333333 -0.866667 0.125 0 0 10000
-0.266667 -0.866667 0.125 0 0 10000
-0.2 -0.866667 0.125 0 0 10000
-0.133333 -0.866667 0.125 0 0 10000
-0.0666667 -0.866667 0.125 0 0 10000
0 -0.866667 0.125 0 0 10000
0.0666667 -0.866667 0.125 0 0 10000
0.133333 -0.866667 0.125 0 0 10000
0.2 -0.866667 0.125 0 0 10000
0.266667 -0.866667 0.125 0 0 10000
0.333333 -0.866667 0.125 0 0 10000
0.4 -0.866667 0.125 0 0 10000
0.466667 -0.866667 0.125 0 0 10000
0.533333 -0.866667 0.125 0 0 10000
0.6 -0.866667 0.125 0 0 10000
0.666667 -0.866667 0.125 0 0 10000
0.733333 -0.866667 0.125 0 0 10000
0.8 -0.866667 0.125 0 0 10000
0.866667 -0.866667 0.125 0 0 10000
0.933333 -0.866667 0.125 0 0 10000
1 -0.866667 0.125 1.27673e-32 0 10000

-1 -0.8 0.125 0 -0 10000
-0.933333 -0.8 0.125 0 0 10000
-0.866667 -0.8 0.125 0 0 10000
-0.8 -0.8 0.125 0 0 10000
-0.733333 -0.8 0.125 0 0 10000
-0.666667 -0.8 0.125 0 0 10000
-0.6 -0.8 0.125 0 0 10000
-0.533333 -0.8 0.125 0 0 10000
-0.466667 -0.8 0.125 0 0 10000
-0.4 -0.8 0.125 0 0 10000
-0.333333 -0.8 0.125 0 0 10000
-0.266667 -0.8 0.125 0 0 10000
-0.2 -0.8 0.125 0 0 10000
-0.133333 -0.8 0.125 0 0 10000
-0.0666667 -0.8 0.125 0 0 10000
0 -0.8 0.125 0 0 10000
0.0666667 -0.8 0.125 0 0 10000
0.133333 -0.8 0.125 0 0 10000
0.2 -0.8 0.125 0 0 10000
0.266667 -0.8 0.125 0 0 10000
0.333333 -0.8 0.125 0 0 10000
0.4 -0.8 0.125 0 0 10000
0.466667 -0.8 0.125 0 0 10000
0.533333 -0.8 0.125 0 0 10000
0.6 -0.8 0.125 0 0 10000
0.666667 -0.8 0.125 0 0 10000
0.733333 -0.8 0.125 0 0 10000
0.8 -0.8 0.125 0 0 10000
0.866667 -0.8 0.125 0 0 10000
0.933333 -0.8 0.125 0 0 10000
1 -0.8 0.125 1.27673e-32 0 10000

-1 -0.733333 0.125 0 -0 10000
-0.933333 -0.733333 0.125 0 0 10000
-0.866667 -0.733333 0.125 0 0 10000
-0.8 -0.733333 0.125 0 0 10000
-0.733333 -0.733333 0.125 0 0 10000
-0.666667 -0.733333 0.125 0 0 10000
-0.6 -0.733333 0.125 0 0 10000
-0.533333 -0.733333 0.125 0 0 10000
-0.466667 -0.733333 0.125 -2.08892e-05 -2.60212e-05 10000
-0.4 -0.733333 0.125 -0.000625112 -0.000831582 10000
-0.333333 -0.733333 0.125005 -0.00833477 -0.0117147 10000.5
-0.266667 -0.733333 0.125041 -0.0717435 -0.104227 10004.7
-0.2 -0.733333 0.12531 -0.597189 -0.861947 10038.4
-0.133333 -0.733333 0.127674 -6.18958 -8.99052 10397.8
-0.0666667 -0.733333 0.148333 -61.5264 -81.9139 14304.2
0 -0.733333 0.184505 -96.4872 -167.195 20423.7
0.0666667 -0.733333 0.139509 -18.09 -45.8906 12129.5
0.133333 -0.733333 0.126995 -2.722 -5.94377 10243.3
0.2 -0.733333 0.12538 -0.527434 -1.10472 10044
0.266667 -0.733333 0.125049 -0.0685248 -0.147863 10005.6
0.333333 -0.733333 0.125004 -0.00529926 -0.011747 10000.4
0.4 -0.733333 0.125 -0.000239907 -0.000524755 10000
0.466667 -0.733333 0.125 -5.98654e-06 -1.20397e-05 10000
0.533333 -0.733333 0.125 -6.31938e-08 -1.07054e-07 10000
0.6 -0.733333 0.125 1.16959e-09 1.20496e-09 10000
0.666667 -0.733333 0.125 2.86713e-13 -6.07156e-13 10000
0.733333 -0.733333 0.125 0 0 10000
0.8 -0.733333 0.125 0 0 10000
0.866667 -0.733333 0.125 0 0 10000
0.933333 -0.733333 0.125 0 0 10000
1 -0.733333 0.125 1.27673e-32 0 10000

-1 -0.666667 0.125 0 -0 10000
-0.933333 -0.666667 0.125 0 0 10000
-0.866667 -0.666667 0.125 0 0 10000
-0.8 -0.666667 0.125 0 0 10000
-0.733333 -0.666667 0.125 0 0 10000
-0.666667 -0.666667 0.125 0 0 10000
-0.6 -0.666667 0.125 -2.66063e-05 -3.32513e-05 10000
-0.533333 -0.666667 0.125 -0.000846024 -0.00112736 10000.1
-0.466667 -0.666667 0.125007 -0.0118015 -0.0165842 10000.8
-0.4 -0.666667 0.125056 -0.094858 -0.138855 10006.3
-0.333333 -0.666667 0.125286 -0.492426 -0.738711 10032.9
-0.266667 -0.666667 0.126023 -1.85102 -2.74738 10120.2
-0.2 -0.666667 0.128259 -6.92134 -9.25957 10412.1
-0.133333 -0.666667 0.142649 -52.0519 -62.015 13146.7
-0.0666667 -0.666667 0.300354 -377.882 -387.679 43085.9
0 -0.666667 0.540731 -373.909 -494.997 78538.6
0.0666667 -0.666667 0.227224 -130.439 -231.892 25022.1
0.133333 -0.666667 0.144961 -34.4625 -57.9935 12551.8
0.2 -0.666667 0.131057 -10.1318 -17.9096 10733.9
0.266667 -0.666667 0.126623 -2.54945 -4.81191 10190.4
0.333333 -0.666667 0.12533 -0.493907 -0.981862 10038
0.4 -0.666667 0.125043 -0.0627667 -0.130522 10004.9
0.466667 -0.666667 0.125003 -0.00486435 -0.0104252 10000.4
0.533333 -0.666667 0.125 -0.000223144 -0.000473086 10000
0.6 -0.666667 0.125 -5.67194e-06 -1.10504e-05 10000
0.666667 -0.666667 0.125 -6.13353e-08 -9.94708e-08 10000
0.733333 -0.666667 0.125 1.1691e-09 1.20619e-09 10000
0.8 -0.666667 0.125 2.79219e-13 -5.50938e-13 10000
0.866667 -0.666667 0.125 0 0 10000
0.933333 -0.666667 0.125 0 0 10000
1 -0.666667 0.125 1.27673e-32 0 10000

-1 -0.6 0.125 0 -0 10000
-0.933333 -0.6 0.125 0 0 10000
-0.866667 -0.6 0.125 0 0 10000
-0.8 -0.6 0.125 0 0 10000
-0.733333 -0.6 0.125 0 0 10000
-0.666667 -0.6 0.125 -2.39316e-05 -3.04003e-05 10000
-0.6 -0.6 0.125001 -0.00104976 -0.00134215 10000.1
-0.533333 -0.6 0.125011 -0.0195214 -0.0255152 10001.2
-0.466667 -0.6 0.125114 -0.204889 -0.275383 10013.1
-0.4 -0.6 0.125734 -1.3496 -1.85692 10086
-0.333333 -0.6 0.128025 -5.75353 -8.03345 10361.7
-0.266667 -0.6 0.133164 -16.4459 -22.5664 10986.7
-0.2 -0.6 0.140731 -36.1089 -44.0646 11963.6
-0.133333 -0.6 0.170396 -139.676 -139.656 17854.8
-0.0666667 -0.6 0.435685 -447.789 -389.999 57350.1
0 -0.6 0.958759 -368.995 -427.145 127848
0.0666667 -0.6 0.417373 -278.574 -382.562 45869
0.133333 -0.6 0.21323 -147.839 -196.538 20582.4
0.2 -0.6 0.162535 -70.8234 -101.284 14616.2
0.266667 -0.6 0.138586 -25.4141 -39.9644 11644.3
0.333333 -0.6 0.12853 -6.21295 -10.7012 10414.5
0.4 -0.6 0.125574 -0.966351 -1.79703 10066.2
0.466667 -0.6 0.125058 -0.0971667 -0.18913 10006.6
0.533333 -0.6 0.125004 -0.00623376 -0.01232 10000.4
0.6 -0.6 0.125 -0.000248224 -0.000484513 10000
0.666667 -0.6 0.125 -5.22278e-06 -1.07417e-05 10000
0.733333 -0.6 0.125 -4.63993e-08 -8.21995e-08 10000
0.8 -0.6 0.125 1.13224e-09 1.15201e-09 10000
0.866667 -0.6 0.125 2.8109e-13 -6.12778e-13 10000
0.933333 -0.6 0.125 0 0 10000
1 -0.6 0.125 1.27673e-32 0 10000

-1 -0.533333 0.125 0 -0 10000
-0.933333 -0.533333 0.125 0 0 10000
-0.866667 -0.533333 0.125 0 0 10000
-0.8 -0.533333 0.125 0 0 10000
-0.733333 -0.533333 0.125 0 0 10000
-0.666667 -0.533333 0.125 -0.000259838 -0.000278485 10000
-0.6 -0.533333 0.125005 -0.00947788 -0.0106241 10000.6
-0.533333 -0.533333 0.125079 -0.152553 -0.17832 10009.1
-0.466667 -0.533333 0.125727 -1.42253 -1.72674 10085.3
-0.4 -0.533333 0.129141 -8.40885 -10.4824 10501.1
-0.333333 -0.533333 0.140412 -31.6563 -40.5112 11916.9
-0.266667 -0.533333 0.157812 -69.3744 -84.8354 13930.3
-0.2 -0.533333 0.169889 -104.137 -115.561 15306.2
-0.133333 -0.533333 0.195371 -200.142 -181.79 19513.9
-0.0666667 -0.533333 0.494294 -411.626 -320.545 61717.2
0 -0.533333 1.1787 -324.957 -336.695 150939
0.0666667 -0.533333 0.607911 -277.863 -348.964 61075.6
0.133333 -0.533333 0.343749 -290.258 -326.979 30119.7
0.2 -0.533333 0.248095 -212.757 -248.558 22808.8
0.266667 -0.533333 0.181361 -109.121 -140.22 16351.9
0.333333 -0.533333 0.142659 -36.047 -52.2585 12068.8
0.4 -0.533333 0.128344 -6.64162 -10.7397 10385.9
0.466667 -0.533333 0.125385 -0.77271 -1.32838 10043.9
0.533333 -0.533333 0.125026 -0.0570173 -0.0986596 10002.9
0.6 -0.533333 0.125001 -0.00257628 -0.00421635 10000.1
0.666667 -0.533333 0.125 -6.47994e-05 -9.13104e-05 10000
0.733333 -0.533333 0.125 -7.46879e-07 -6.96596e-07 10000
0.8 -0.533333 0.125 3.56795e-09 3.53872e-09 10000
0.866667 -0.533333 0.125 5.93101e-13 -6.78564e-14 10000
0.933333 -0.533333 0.125 0 1.79445e-19 10000
1 -0.533333 0.125 1.27673e-32 0 10000

-1 -0.466667 0.125 0 -0 10000
-0.933333 -0.466667 0.125 0 0 10000
-0.866667 -0.466667 0.125 0 0 10000
-0.8 -0.466667 0.125 0 0 10000
-0.733333 -0.466667 0.125 -2.43071e-05 -3.09358e-05 10000
-0.666667 -0.466667 0.125001 -0.00194739 -0.00209079 10000.1
-0.6 -0.466667 0.125026 -0.051477 -0.0542471 10003
-0.533333 -0.466667 0.12535 -0.705037 -0.759315 10040.5
-0.466667 -0.466667 0.1278 -5.83893 -6.47794 10333.7
-0.4 -0.466667 0.138986 -30.0519 -34.1472 11749.2
-0.333333 -0.466667 0.170487 -94.7603 -106.687 15707.9
-0.266667 -0.466667 0.204433 -164.483 -178.147 18255
-0.2 -0.466667 0.213052 -192.538 -196.528 17477.4
-0.133333 -0.466667 0.217605 -225.481 -205.459 18375.8
-0.0666667 -0.466667 0.469261 -324.91 -227.671 53610.6
0 -0.466667 1.13317 -254.251 -241.664 138231
0.0666667 -0.466667 0.753623 -235.843 -278.779 71721.4
0.133333 -0.466667 0.47241 -290.478 -322.797 38155.1
0.2 -0.466667 0.365361 -299.335 -325.462 28329.5
0.266667 -0.466667 0.266086 -242.877 -267.236 21991.5
0.333333 -0.466667 0.179789 -112.784 -139.078 15807.1
0.4 -0.466667 0.13728 -27.9671 -39.3841 11392.4
0.466667 -0.466667 0.126615 -3.78723 -5.83888 10182.5
0.533333 -0.466667 0.125125 -0.324817 -0.512429 10014
0.6 -0.466667 0.125005 -0.0175424 -0.026368 10000.6
0.666667 -0.466667 0.125 -0.0005692 -0.000762738 10000
0.733333 -0.466667 0.125 -9.63924e-06 -1.15331e-05 10000
0.8 -0.466667 0.125 -4.35191e-08 -7.61554e-08 10000
0.866667 -0.466667 0.125 1.1315e-09 1.15219e-09 10000
0.933333 -0.466667 0.125 2.8109e-13 -6.07156e-13 10000
1 -0.466667 0.125 1.27673e-32 0 10000

-1 -0.4 0.125 0 -0 10000
-0.933333 -0.4 0.125 0 0 10000
-0.866667 -0.4 0.125 0 0 10000
-0.8 -0.4 0.125 0 0 10000
-0.733333 -0.4 0.125 -0.000243088 -0.000261287 10000
-0.666667 -0.4 0.125006 -0.0108697 -0.0112481 10000.6
-0.6 -0.4 0.125106 -0.212825 -0.217494 10012.1
-0.533333 -0.4 0.126158 -2.39341 -2.46055 10136
-0.466667 -0.4 0.132813 -16.7562 -17.4661 10949.7
-0.4 -0.4 0.157795 -69.575 -73.2926 14191.5
-0.333333 -0.4 0.213365 -165.165 -171.653 19663
-0.266667 -0.4 0.2537 -225.801 -233.506 19977.9
-0.2 -0.4 0.254671 -243.52 -250.779 17574.8
-0.133333 -0.4 0.247134 -232.118 -223.752 17783.7
-0.0666667 -0.4 0.444595 -230.791 -151.272 44402.8
0 -0.4 1.00791 -176.118 -145.729 113435
0.0666667 -0.4 0.806606 -188.33 -213.879 75005.2
0.133333 -0.4 0.603262 -232.303 -258.908 49820.8
0.2 -0.4 0.475714 -268.649 -298.734 36596.5
0.266667 -0.4 0.365395 -285.329 -313.888 26427
0.333333 -0.4 0.246309 -218.733 -241.496 19868.3
0.4 -0.4 0.159018 -80.5588 -100.122 13575.1
0.466667 -0.4 0.130251 -13.6791 -19.2656 10582.7
0.533333 -0.4 0.125475 -1.3865 -2.0469 10052.9
0.6 -0.4 0.125024 -0.0898863 -0.127926 10002.7
0.666667 -0.4 0.125001 -0.00357257 -0.00459937 10000.1
0.733333 -0.4 0.125 -7.73799e-05 -8.71797e-05 10000
0.8 -0.4 0.125 -6.54799e-07 -6.42007e-07 10000
0.866667 -0.4 0.125 3.5651e-09 3.53371e-09 10000
0.933333 -0.4 0.125 5.93101e-13 -7.26864e-14 10000
1 -0.4 0.125 1.27673e-32 1.76106e-19 10000

-1 -0.333333 0.125 0 -0 10000
-0.933333 -0.333333 0.125 0 0 10000
-0.866667 -0.333333 0.125 0 0 10000
-0.8 -0.333333 0.125 0 0 10000
-0.733333 -0.333333 0.125001 -0.00112708 -0.00107478 10000.1
-0.666667 -0.333333 0.12502 -0.0417943 -0.0406029 10002.3
-0.6 -0.333333 0.125328 -0.693167 -0.679417 10037.9
-0.533333 -0.333333 0.128067 -6.65132 -6.59395 10366.5
-0.466667 -0.333333 0.142407 -38.0787 -38.067 12154.4
-0.4 -0.333333 0.185392 -118.853 -119.838 17509.8
-0.333333 -0.333333 0.253916 -200.862 -204.987 21940.8
-0.266667 -0.333333 0.303204 -231.361 -242.207 22082.5
-0.2 -0.333333 0.314136 -236.029 -253.039 20706.7
-0.133333 -0.333333 0.307858 -214.02 -224.586 20850.6
-0.0666667 -0.333333 0.452765 -167.866 -126.647 40158.1
0 -0.333333 0.895252 -112.701 -90.7599 91811.9
0.0666667 -0.333333 0.828824 -125.346 -138.62 78104.1
0.133333 -0.333333 0.709549 -169.687 -190.352 61283.1
0.2 -0.333333 0.605052 -203.183 -230.034 49649.8
0.266667 -0.333333 0.477385 -237.684 -272.448 36890.2
0.333333 -0.333333 0.332335 -258.927 -294.589 24264
0.4 -0.333333 0.200499 -170.807 -190.175 16451.8
0.466667 -0.333333 0.13908 -38.4585 -49.7766 11485.7
0.533333 -0.333333 0.126412 -4.59387 -6.31754 10153.1
0.6 -0.333333 0.125079 -0.345525 -0.458253 10008.4
0.666667 -0.333333 0.125002 -0.0159957 -0.0188291 10000.2
0.733333 -0.333333 0.125 -0.000413172 -0.000382781 10000
0.8 -0.333333 0.125 -4.71706e-06 -2.32721e-06 10000
0.866667 -0.333333 0.125 5.74385e-09 3.54276e-09 10000
0.933333 -0.333333 0.125 3.85095e-13 5.39542e-13 10000
1 -0.333333 0.125 1.27673e-32 2.9218e-20 10000

-1 -0.266667 0.125 0 -0 10000
-0.933333 -0.266667 0.125 0 0 10000
-0.866667 -0.266667 0.125 0 0 10000
-0.8 -0.266667 0.125 0 0 10000
-0.733333 -0.266667 0.125002 -0.00341164 -0.00246122 10000.2
-0.666667 -0.266667 0.125052 -0.116139 -0.0916084 10006
-0.6 -0.266667 0.125776 -1.73065 -1.47289 10091.5
-0.533333 -0.266667 0.131364 -14.3668 -12.9979 10776.4
-0.466667 -0.266667 0.155665 -64.735 -61.4736 13756.4
-0.4 -0.266667 0.215582 -156.83 -153.598 20042.8
-0.333333 -0.266667 0.295347 -204.999 -206.884 24522.9
-0.266667 -0.266667 0.373991 -200.148 -213.229 28058.1
-0.2 -0.266667 0.423305 -182.768 -207.561 30313.7
-0.133333 -0.266667 0.430353 -160.555 -186.821 31153.2
-0.0666667 -0.266667 0.523074 -123.674 -112.561 44388.1
0 -0.266667 0.86818 -69.7832 -57.6029 85742.2
0.0666667 -0.266667 0.875366 -65.1511 -73.2912 83597.1
0.133333 -0.266667 0.799994 -95.9492 -112.722 73031.9
0.2 -0.266667 0.728836 -135.679 -157.938 63978.9
0.266667 -0.266667 0.622896 -170.543 -201.343 52581.8
0.333333 -0.266667 0.444606 -209.862 -255.267 35458.2
0.4 -0.266667 0.25927 -213.784 -252.602 19892.6
0.466667 -0.266667 0.156093 -87.4013 -102.136 12897.5
0.533333 -0.266667 0.128246 -11.9611 -15.1666 10336.7
0.6 -0.266667 0.125182 -1.00984 -1.25942 10018.6
0.666667 -0.266667 0.125003 -0.053963 -0.0578728 10000.3
0.733333 -0.266667 0.125 -0.00163517 -0.00126533 9999.98
0.8 -0.266667 0.125 -2.35688e-05 -5.79391e-06 10000
0.866667 -0.266667 0.125 8.08425e-09 2.53732e-09 10000
0.933333 -0.266667 0.125 1.20869e-13 7.07157e-14 10000
1 -0.266667 0.125 1.27673e-32 3.77086e-21 10000

-1 -0.2 0.125 0 -0 10000
-0.933333 -0.2 0.125 0 0 10000
-0.866667 -0.2 0.125 0 0 10000
-0.8 -0.2 0.125 0 0 10000
-0.733333 -0.2 0.125002 -0.00527808 -0.00265847 10000.3
-0.666667 -0.2 0.125082 -0.176749 -0.104487 10009.4
-0.6 -0.2 0.126186 -2.53483 -1.73087 10139.7
-0.533333 -0.2 0.13428 -19.4908 -15.2462 11112.9
-0.466667 -0.2 0.167495 -76.2857 -67.5266 14940.3
-0.4 -0.2 0.244451 -161.62 -156.402 21904.4
-0.333333 -0.2 0.347667 -183.192 -185.233 28660
-0.266667 -0.2 0.483191 -153.928 -165.861 38584.4
-0.2 -0.2 0.58364 -124.894 -147.527 47229.6
-0.133333 -0.2 0.618466 -103.149 -130.909 50835
-0.0666667 -0.2 0.670252 -77.9216 -88.4273 58019.5
0 -0.2 0.898507 -37.561 -33.3259 87639.4
0.0666667 -0.2 0.932019 -26.8849 -33.3648 90521.8
0.133333 -0.2 0.897474 -38.5952 -50.0066 86022.6
0.2 -0.2 0.836762 -68.1486 -84.5864 78512.1
0.266667 -0.2 0.761979 -106.542 -129.747 69189.5
0.333333 -0.2 0.600983 -143.511 -180.693 52492.3
0.4 -0.2 0.347198 -170.039 -222.598 28449.9
0.466667 -0.2 0.177938 -128.269 -151.721 14187.8
0.533333 -0.2 0.131183 -24.3565 -29.4117 10589.4
0.6 -0.2 0.125357 -2.46698 -2.87438 10034.6
0.666667 -0.2 0.125 -0.147895 -0.147262 9999.8
0.733333 -0.2 0.124999 -0.0049842 -0.00368988 9999.91
0.8 -0.2 0.125 -8.36771e-05 -2.51607e-05 10000
0.866667 -0.2 0.125 1.01286e-08 4.14338e-09 10000
0.933333 -0.2 0.125 5.62181e-14 4.81095e-14 10000
1 -0.2 0.125 1.27673e-32 0 10000

-1 -0.133333 0.125 0 -0 10000
-0.933333 -0.133333 0.125 0 0 10000
-0.866667 -0.133333 0.125 0 0 10000
-0.8 -0.133333 0.125 0 0 10000
-0.733333 -0.133333 0.125003 -0.00531896 -0.00171004 10000.3
-0.666667 -0.133333 0.125091 -0.178184 -0.0745237 10010.4
-0.6 -0.133333 0.126329 -2.53131 -1.35172 10154.6
-0.533333 -0.133333 0.135485 -19.0688 -12.7436 11221.3
-0.466667 -0.133333 0.174492 -71.6597 -57.821 15424.4
-0.4 -0.133333 0.272582 -143.282 -133.56 23796.1
-0.333333 -0.133333 0.425881 -143.875 -145.16 35590
-0.266667 -0.133333 0.613755 -107.829 -116.383 52568
-0.2 -0.133333 0.739449 -72.3615 -85.793 66239.8
-0.133333 -0.133333 0.796013 -50.53 -68.3961 72871.5
-0.0666667 -0.133333 0.83589 -35.4259 -48.9022 77629.3
0 -0.133333 0.951185 -14.9938 -16.2177 93252.7
0.0666667 -0.133333 0.975193 -8.11558 -11.0329 96550.3
0.133333 -0.133333 0.962076 -12.0209 -16.8898 94952.3
0.2 -0.133333 0.929057 -23.684 -32.1545 90785.4
0.266667 -0.133333 0.866195 -49.8478 -63.9734 82944.5
0.333333 -0.133333 0.736173 -84.1578 -109.504 68051.9
0.4 -0.133333 0.463149 -111.311 -155.73 40205.7
0.466667 -0.133333 0.206491 -120.627 -155.83 16234.5
0.533333 -0.133333 0.135583 -34.2544 -44.1098 10934
0.6 -0.133333 0.125686 -4.31193 -5.39213 10063
0.666667 -0.133333 0.125005 -0.312532 -0.345352 10000.1
0.733333 -0.133333 0.124998 -0.0129115 -0.0108042 9999.82
0.8 -0.133333 0.125 -0.000245199 -0.000127121 9999.99
0.866667 -0.133333 0.125 1.06804e-08 5.38255e-09 10000
0.933333 -0.133333 0.125 1.26491e-14 1.32144e-14 10000
1 -0.133333 0.125 1.27673e-32 0 10000

-1 -0.0666667 0.125 0 -0 10000
-0.933333 -0.0666667 0.125 0 0 10000
-0.866667 -0.0666667 0.125 0 0 10000
-0.8 -0.0666667 0.125 0 0 10000
-0.733333 -0.0666667 0.125002 -0.00401636 -6.34809e-05 10000.2
-0.666667 -0.0666667 0.12508 -0.13757 -0.0205878 10009.2
-0.6 -0.0666667 0.126208 -1.95182 -0.588315 10138.7
-0.533333 -0.0666667 0.134875 -14.8339 -7.24307 11116.2
-0.466667 -0.0666667 0.174081 -55.8319 -38.0738 15186.1
-0.4 -0.0666667 0.283712 -112.467 -95.6797 24587.9
-0.333333 -0.0666667 0.500753 -103.076 -95.9905 43146.6
-0.266667 -0.0666667 0.729485 -66.6484 -68.6138 66168.3
-0.2 -0.0666667 0.861831 -34.5278 -39.9385 81962
-0.133333 -0.0666667 0.921026 -16.6076 -23.8613 89483.6
-0.0666667 -0.0666667 0.947926 -9.6185 -15.3425 92950.6
0 -0.0666667 0.986695 -3.76392 -4.63562 98144.4
0.0666667 -0.0666667 0.994273 -1.59567 -2.38894 99219.1
0.133333 -0.0666667 0.9902 -2.63886 -4.03525 98683.5
0.2 -0.0666667 0.975013 -6.19521 -9.11829 96727.4
0.266667 -0.0666667 0.93098 -14.6681 -20.8888 91331.3
0.333333 -0.0666667 0.810049 -34.6521 -48.6574 77209.1
0.4 -0.0666667 0.536223 -61.142 -93.6428 47631.7
0.466667 -0.0666667 0.247165 -78.8026 -117.17 20024.7
0.533333 -0.0666667 0.143544 -32.6156 -48.897 11611.4
0.6 -0.0666667 0.126374 -4.94348 -7.35447 10127.2
0.666667 -0.0666667 0.125035 -0.415606 -0.567656 10003.1
0.733333 -0.0666667 0.124999 -0.0189846 -0.0222679 9999.86
0.8 -0.0666667 0.125 -0.000374247 -0.000352088 9999.99
0.866667 -0.0666667 0.125 9.24003e-09 8.15151e-09 10000
0.933333 -0.0666667 0.125 5.62181e-15 7.46875e-15 10000
1 -0.0666667 0.125 1.27673e-32 0 10000

-1 0 0.125 0 -0 10000
-0.933333 0 0.125 0 0 10000
-0.866667 0 0.125 0 0 10000
-0.8 0 0.125 0 0 10000
-0.733333 0 0.125001 -0.00112269 0.00189619 10000.1
-0.666667 0 0.125049 -0.0451596 0.0535222 10005.6
-0.6 0 0.125846 -0.67644 0.562627 10094.3
-0.533333 0 0.132799 -5.60877 1.94134 10834
-0.466667 0 0.167863 -22.6474 -1.58508 14338.2
-0.4 0 0.278125 -58.0188 -32.7521 24174.9
-0.333333 0 0.536002 -58.8811 -42.4319 47652.2
-0.266667 0 0.805371 -32.9004 -29.5469 75653.1
-0.2 0 0.930842 -14.6591 -15.6301 90899.5
-0.133333 0 0.976373 -4.93267 -6.56107 96803.7
-0.0666667 0 0.989553 -1.93771 -3.21511 98568.3
0 0 0.997766 -0.535096 -0.69814 99694.4
0.0666667 0 0.998811 -0.0734124 -0.14498 99837.4
0.133333 0 0.996402 0.0953333 -0.0607881 99515.7
0.2 0 0.985805 0.687666 0.021625 98119.5
0.266667 0 0.946127 2.2031 -0.139763 93192.1
0.333333 0 0.827832 2.03096 -5.85397 79318.8
0.4 0 0.552761 -3.60176 -27.3633 49724
0.466667 0 0.275228 -20.4044 -53.3371 23121.2
0.533333 0 0.153307 -17.4988 -37.4965 12613.1
0.6 0 0.12792 -2.94168 -7.22443 10294.2
0.666667 0 0.125161 -0.2738 -0.680708 10017.4
0.733333 0 0.125004 -0.0129119 -0.0304931 10000.4
0.8 0 0.125 -0.000265805 -0.000549007 10000
0.866667 0 0.125 6.4656e-09 7.99699e-09 10000
0.933333 0 0.125 1.40545e-15 7.91793e-16 10000
1 0 0.125 1.27673e-32 0 10000

-1 0.0666667 0.125 0 -0 10000
-0.933333 0.0666667 0.125 0 0 10000
-0.866667 0.0666667 0.125 0 0 10000
-0.8 0.0666667 0.125 0 0 10000
-0.733333 0.0666667 0.125 0.00125627 0.00249281 10000
-0.666667 0.0666667 0.125017 0.0383962 0.0899171 10001.8
-0.6 0.0666667 0.125441 0.514044 1.30882 10045.7
-0.533333 0.0666667 0.130314 3.6342 9.4822 10523.1
-0.466667 0.0666667 0.1608 13.3749 33.3187 13358.7
-0.4 0.0666667 0.266242 15.3331 46.9212 22727.6
-0.333333 0.0666667 0.538646 -1.50379 22.7464 48469
-0.266667 0.0666667 0.832131 -3.22647 5.02341 79505.3
-0.2 0.0666667 0.954121 -1.31687 0.541636 94137.9
-0.133333 0.0666667 0.989958 -0.124404 0.187912 98671.5
-0.0666667 0.0666667 0.997347 0.175372 0.161072 99645.4
0 0.0666667 0.996481 0.531683 1.01608 99524.4
0.0666667 0.0666667 0.99517 0.950196 1.58146 99346.9
0.133333 0.0666667 0.990096 2.26514 3.10697 98657.8
0.2 0.0666667 0.974311 5.87992 6.88311 96587.6
0.266667 0.0666667 0.925904 15.3292 15.6865 90498.6
0.333333 0.0666667 0.804127 31.0634 27.7651 76157.2
0.4 0.0666667 0.548468 54.7495 38.0819 49019
0.466667 0.0666667 0.284821 52.5885 25.7235 24479.5
0.533333 0.0666667 0.161417 18.8411 -3.99077 13687.5
0.6 0.0666667 0.13017 3.31564 -3.23044 10567.8
0.666667 0.0666667 0.125408 0.258833 -0.509512 10046.6
0.733333 0.0666667 0.125016 0.0145529 -0.0267924 10001.9
0.8 0.0666667 0.125 0.000307801 -0.000557402 10000
0.866667 0.0666667 0.125 3.88543e-09 4.10342e-09 10000
0.933333 0.0666667 0.125 0 0 10000
1 0.0666667 0.125 1.27673e-32 0 10000

-1 0.133333 0.125 0 -0 10000
-0.933333 0.133333 0.125 0 0 10000
-0.866667 0.133333 0.125 0 0 10000
-0.8 0.133333 0.125 0 0 10000
-0.733333 0.133333 0.125 0.00177674 0.00185565 9999.97
-0.666667 0.133333 0.125 0.0612444 0.0761647 9999.92
-0.6 0.133333 0.125157 0.906853 1.29512 10014.5
-0.533333 0.133333 0.12803 7.51657 11.3749 10279.5
-0.466667 0.133333 0.150988 33.5149 50.4382 12309.6
-0.4 0.133333 0.247223 79.3096 112.86 20314.2
-0.333333 0.133333 0.525403 59.2272 91.1928 46823.8
-0.266667 0.133333 0.815984 31.8009 45.7743 77992.4
-0.2 0.133333 0.943734 14.6125 19.506 93034.6
-0.133333 0.133333 0.984161 5.6355 7.25445 97984.2
-0.0666667 0.133333 0.99213 3.25153 3.66177 98960.6
0 0.133333 0.976556 4.31495 7.21112 96864.1
0.0666667 0.133333 0.972777 5.22895 8.64814 96352.4
0.133333 0.133333 0.96151 8.56947 12.0857 94878.3
0.2 0.133333 0.931885 16.0481 20.2569 91050.8
0.266667 0.133333 0.867684 32.2057 36.2261 83079.8
0.333333 0.133333 0.739815 61.9115 62.8441 68142.7
0.4 0.133333 0.519328 101.157 91.5111 45323.2
0.466667 0.133333 0.289979 114.832 96.2355 24833
0.533333 0.133333 0.169367 57.302 36.8075 14807.5
0.6 0.133333 0.132332 11.2146 3.96512 10854.4
0.666667 0.133333 0.125655 1.03002 0.080309 10076.7
0.733333 0.133333 0.125031 0.0532978 -0.00269615 10003.5
0.8 0.133333 0.125001 0.00113267 -0.000152285 10000.1
0.866667 0.133333 0.125 1.40217e-09 1.703e-09 10000
0.933333 0.133333 0.125 0 0 10000
1 0.133333 0.125 1.27673e-32 0 10000

-1 0.2 0.125 0 -0 10000
-0.933333 0.2 0.125 0 0 10000
-0.866667 0.2 0.125 0 0 10000
-0.8 0.2 0.125 0 0 10000
-0.733333 0.2 0.125 0.00121131 0.000927282 9999.98
-0.666667 0.2 0.124998 0.0464773 0.0475466 9999.77
-0.6 0.2 0.125065 0.7856 0.935938 10005.7
-0.533333 0.2 0.126613 7.43907 9.58826 10151.4
-0.466667 0.2 0.140877 39.6792 51.7058 11413.3
-0.4 0.2 0.216642 116.761 148.792 17296.6
-0.333333 0.2 0.472022 110.102 150.63 41300.3
-0.266667 0.2 0.749967 80.2464 104.328 70003.8
-0.2 0.2 0.896873 42.768 53.8968 87287.1
-0.133333 0.2 0.959935 19.2647 23.834 94904.5
-0.0666667 0.2 0.972603 13.2764 13.8623 96373.4
0 0.2 0.912406 17.7937 25.9802 88596.7
0.0666667 0.2 0.904903 19.0254 29.6305 87587.2
0.133333 0.2 0.889722 25.6312 34.76 85660.9
0.2 0.2 0.84267 40.7621 50.2114 79739.8
0.266667 0.2 0.763715 64.7904 74.4287 69943.1
0.333333 0.2 0.642313 100.767 107.082 56223.9
0.4 0.2 0.45515 140.292 139.516 38569.5
0.466667 0.2 0.280559 148.642 136.552 24247.9
0.533333 0.2 0.17223 74.7833 58.8898 15335.3
0.6 0.2 0.133211 15.4784 9.18479 10983.6
0.666667 0.2 0.125768 1.49032 0.633192 10090.5
0.733333 0.2 0.125037 0.0745671 0.0223019 10004.2
0.8 0.2 0.125001 0.00156706 0.000326049 10000.1
0.866667 0.2 0.125 6.86986e-11 7.48407e-11 10000
0.933333 0.2 0.125 0 0 10000
1 0.2 0.125 1.27673e-32 0 10000

-1 0.266667 0.125 0 -0 10000
-0.933333 0.266667 0.125 0 0 10000
-0.866667 0.266667 0.125 0 0 10000
-0.8 0.266667 0.125 0 0 10000
-0.733333 0.266667 0.125 0.00043385 0.000290975 9999.99
-0.666667 0.266667 0.125 0.0212666 0.0195034 9999.93
-0.6 0.266667 0.125044 0.44064 0.488272 10004.4
-0.533333 0.266667 0.125979 5.02369 6.09711 10100.9
-0.466667 0.266667 0.134874 33.5597 41.4979 10950.3
-0.4 0.266667 0.187482 125.485 150.435 15141.9
-0.333333 0.266667 0.365077 162.557 212.704 30567.8
-0.266667 0.266667 0.633151 138.936 174.307 56482.9
-0.2 0.266667 0.807414 93.9909 114.931 75577.8
-0.133333 0.266667 0.914976 49.174 58.4756 89095.7
-0.0666667 0.266667 0.94068 37.7551 34.34 93391
0 0.266667 0.779467 51.4356 65.6375 71171.3
0.0666667 0.266667 0.768086 55.1795 77.9893 69635.2
0.133333 0.266667 0.758093 65.886 84.2076 68612.8
0.2 0.266667 0.706663 87.7761 105.084 61913
0.266667 0.266667 0.631173 115.978 131.989 53036.7
0.333333 0.266667 0.521725 146.754 158.43 42567.2
0.4 0.266667 0.373636 178.482 180.992 30973.1
0.466667 0.266667 0.251925 166.112 159.343 22623.1
0.533333 0.266667 0.167325 77.138 66.1002 15041.8
0.6 0.266667 0.132522 15.7043 11.1395 10917.2
0.666667 0.266667 0.12571 1.49346 0.863409 10083.7
0.733333 0.266667 0.125035 0.0741836 0.0347569 10004
0.8 0.266667 0.125001 0.00155177 0.000579807 10000.1
0.866667 0.266667 0.125 2.81091e-13 3.37309e-13 10000
0.933333 0.266667 0.125 0 0 10000
1 0.266667 0.125 1.27673e-32 0 10000

-1 0.333333 0.125 0 -0 10000
-0.933333 0.333333 0.125 0 0 10000
-0.866667 0.333333 0.125 0 0 10000
-0.8 0.333333 0.125 0 0 10000
-0.733333 0.333333 0.125 0.000111393 9.45267e-05 10000
-0.666667 0.333333 0.125001 0.00644916 0.00707829 10000.1
-0.6 0.333333 0.125027 0.159721 0.197582 10003
-0.533333 0.333333 0.125542 2.25691 2.88224 10059.5
-0.466667 0.333333 0.130833 19.4111 24.5618 10618.3
-0.4 0.333333 0.16345 93.9471 112.247 13629.5
-0.333333 0.333333 0.270016 208.904 248.655 21251.1
-0.266667 0.333333 0.481169 201.608 248.1 39720.8
-0.2 0.333333 0.697164 159.965 189.215 61144.3
-0.133333 0.333333 0.859049 102.269 117.054 82205.6
-0.0666667 0.333333 0.929116 79.8381 67.6704 94140
0 0.333333 0.617725 109.202 107.293 53773.5
0.0666667 0.333333 0.579153 112.94 145.333 46772.2
0.133333 0.333333 0.590038 125.851 153.68 47657
0.2 0.333333 0.550782 148.221 168.686 43032
0.266667 0.333333 0.490436 173.587 190.644 37092.3
0.333333 0.333333 0.407259 196.222 208.478 31093
0.4 0.333333 0.3093 207.323 208.846 25758
0.466667 0.333333 0.220794 164.723 160.175 20780.7
0.533333 0.333333 0.155903 65.4011 60.7209 13950.4
0.6 0.333333 0.130225 11.7241 10.0202 10642.3
0.666667 0.333333 0.125473 1.049 0.812395 10055.4
0.733333 0.333333 0.125023 0.0507959 0.0351058 10002.6
0.8 0.333333 0.125 0.00105517 0.000637411 10000.1
0.866667 0.333333 0.125 0 0 10000
0.933333 0.333333 0.125 0 0 10000
1 0.333333 0.125 1.27673e-32 0 10000

-1 0.4 0.125 0 -0 10000
-0.933333 0.4 0.125 0 0 10000
-0.866667 0.4 0.125 0 0 10000
-0.8 0.4 0.125 0 0 10000
-0.733333 0.4 0.125 2.14845e-05 2.8468e-05 10000
-0.666667 0.4 0.125 0.00156604 0.00211324 10000
-0.6 0.4 0.125012 0.0463515 0.0644669 10001.4
-0.533333 0.4 0.125232 0.74817 1.07001 10026.3
-0.466667 0.4 0.127636 7.45996 10.4992 10294.4
-0.4 0.4 0.143262 46.0272 60.1307 11957.2
-0.333333 0.4 0.210391 177.298 198.933 17418.9
-0.266667 0.4 0.357623 252.991 291.996 27108.7
-0.2 0.4 0.565344 222.857 260.49 46266.1
-0.133333 0.4 0.815301 167.377 192.751 76552.2
-0.0666667 0.4 0.976335 136.941 115.674 103487
0 0.4 0.505173 181.918 146.927 46197.9
0.0666667 0.4 0.386409 183.82 213.543 26972.3
0.133333 0.4 0.416148 192.25 223.064 28749.5
0.2 0.4 0.404075 207.458 228.403 28583.6
0.266667 0.4 0.371956 227.515 241.252 26397.5
0.333333 0.4 0.328152 235.21 242.787 24310.5
0.4 0.4 0.264327 210.5 213.849 22841.9
0.466667 0.4 0.190479 129.114 128.893 18493.4
0.533333 0.4 0.142023 37.7469 37.664 12211.3
0.6 0.4 0.127391 5.26714 5.15855 10286.9
0.666667 0.4 0.125192 0.414516 0.396982 10022
0.733333 0.4 0.125009 0.0185668 0.0171802 10001
0.8 0.4 0.125 0.000370129 0.000324626 10000
0.866667 0.4 0.125 0 0 10000
0.933333 0.4 0.125 0 0 10000
1 0.4 0.125 1.27673e-32 0 10000

-1 0.466667 0.125 0 -0 10000
-0.933333 0.466667 0.125 0 0 10000
-0.866667 0.466667 0.125 0 0 10000
-0.8 0.466667 0.125 0 0 10000
-0.733333 0.466667 0.125 2.7558e-06 5.87011e-06 10000
-0.666667 0.466667 0.125 0.00027322 0.000448273 10000
-0.6 0.466667 0.125003 0.00990306 0.015478 10000.4
-0.533333 0.466667 0.125071 0.190581 0.298265 10008
-0.466667 0.466667 0.125905 2.26253 3.47087 10103.8
-0.4 0.466667 0.132216 17.496 25.018 10819.7
-0.333333 0.466667 0.164268 86.3117 109.45 14210.5
-0.266667 0.466667 0.263881 224.467 250.917 21802.8
-0.2 0.466667 0.435411 273.103 311.566 34162.2
-0.133333 0.466667 0.766963 218.255 256.945 72161.8
-0.0666667 0.466667 1.05781 212.794 192.192 122308
0 0.466667 0.467353 273.399 194.293 47507.5
0.0666667 0.466667 0.269561 255.958 264.843 17083.9
0.133333 0.466667 0.299541 253.32 273.228 18284.9
0.2 0.466667 0.311112 253.721 266.877 20626.8
0.266667 0.466667 0.298736 257.961 266.439 21055.4
0.333333 0.466667 0.273252 243.76 248.927 21534.9
0.4 0.466667 0.223281 182.22 185.6 20910.9
0.466667 0.466667 0.160033 74.274 77.706 14779.4
0.533333 0.466667 0.131643 14.0086 14.6063 10819.5
0.6 0.466667 0.125719 1.43924 1.49383 10084.1
0.666667 0.466667 0.125047 0.0916771 0.0958044 10005.3
0.733333 0.466667 0.125002 0.00338763 0.00363607 10000.2
0.8 0.466667 0.125 5.5686e-05 6.23533e-05 10000
0.866667 0.466667 0.125 0 0 10000
0.933333 0.466667 0.125 0 0 10000
1 0.466667 0.125 1.27673e-32 0 10000

-1 0.533333 0.125 0 -0 10000
-0.933333 0.533333 0.125 0 0 10000
-0.866667 0.533333 0.125 0 0 10000
-0.8 0.533333 0.125 0 0 10000
-0.733333 0.533333 0.125 1.71506e-07 5.60526e-07 10000
-0.666667 0.533333 0.125 3.21875e-05 5.75395e-05 10000
-0.6 0.533333 0.125001 0.00157857 0.00267528 10000.1
-0.533333 0.533333 0.125017 0.0377082 0.0644432 10001.9
-0.466667 0.533333 0.12525 0.534808 0.901342 10028.7
-0.4 0.533333 0.12733 4.93171 7.90592 10270
-0.333333 0.533333 0.139317 30.6334 44.7601 11674.7
-0.266667 0.533333 0.188591 121.099 154.715 17063.9
-0.2 0.533333 0.316589 256.849 296.511 27470.8
-0.133333 0.533333 0.644313 253.93 312.895 63324.6
-0.0666667 0.533333 1.13136 284.251 287.477 140011
0 0.533333 0.466299 365.998 272.634 53371
0.0666667 0.533333 0.216821 278.753 263.85 15325.9
0.133333 0.533333 0.238214 258.065 266.257 15588.5
0.2 0.533333 0.255003 251.604 257.913 18508.3
0.266667 0.533333 0.249401 236.659 240.117 20214.7
0.333333 0.533333 0.223754 196.777 205.229 20615.3
0.4 0.533333 0.177967 111.686 124.363 17117.3
0.466667 0.533333 0.139003 29.9241 34.0954 11815.5
0.533333 0.533333 0.127048 4.1846 4.60952 10243.4
0.6 0.533333 0.125177 0.349328 0.372276 10020.3
0.666667 0.533333 0.125009 0.0174021 0.0182742 10001
0.733333 0.533333 0.125 0.000443509 0.00048597 10000
0.8 0.533333 0.125 3.69084e-06 5.11946e-06 10000
0.866667 0.533333 0.125 0 0 10000
0.933333 0.533333 0.125 0 0 10000
1 0.533333 0.125 1.27673e-32 0 10000

-1 0.6 0.125 0 -0 10000
-0.933333 0.6 0.125 0 0 10000
-0.866667 0.6 0.125 0 0 10000
-0.8 0.6 0.125 0 0 10000
-0.733333 0.6 0.125 0 0 10000
-0.666667 0.6 0.125 2.76243e-06 5.78889e-06 10000
-0.6 0.6 0.125 0.000193191 0.000376737 10000
-0.533333 0.6 0.125003 0.0054958 0.0107932 10000.4
-0.466667 0.6 0.125052 0.0898014 0.173505 10006
-0.4 0.6 0.125548 0.948334 1.75947 10063.6
-0.333333 0.6 0.128877 7.02662 12.2336 10460.5
-0.266667 0.6 0.145521 39.1482 60.8509 12523.5
-0.2 0.6 0.207751 140.223 192.545 20105.7
-0.133333 0.6 0.461807 268.209 359.466 48944.4
-0.0666667 0.6 1.01739 336.029 369.841 129264
0 0.6 0.442611 426.237 349.748 54534.3
0.0666667 0.6 0.195056 228.505 210.184 17093.7
0.133333 0.6 0.200515 190.597 196.159 16287.5
0.2 0.6 0.206514 180.992 192.693 18064
0.266667 0.6 0.194415 146.54 164.899 18287.9
0.333333 0.6 0.1675 89.8399 109.917 15972.2
0.4 0.6 0.141805 34.136 45.0089 12213.3
0.466667 0.6 0.128555 6.88835 8.98265 10433.1
0.533333 0.6 0.125446 0.832057 1.04742 10051.8
0.6 0.6 0.125034 0.0625482 0.0749407 10003.8
0.666667 0.6 0.125001 0.00266638 0.00303934 10000.2
0.733333 0.6 0.125 4.92025e-05 5.33378e-05 10000
0.8 0.6 0.125 0 0 10000
0.866667 0.6 0.125 0 0 10000
0.933333 0.6 0.125 0 0 10000
1 0.6 0.125 1.27673e-32 0 10000

-1 0.666667 0.125 0 -0 10000
-0.933333 0.666667 0.125 0 0 10000
-0.866667 0.666667 0.125 0 0 10000
-0.8 0.666667 0.125 0 0 10000
-0.733333 0.666667 0.125 0 0 10000
-0.666667 0.666667 0.125 1.7459e-07 5.88133e-07 10000
-0.6 0.666667 0.125 1.40863e-05 3.53899e-05 10000
-0.533333 0.666667 0.125 0.000450173 0.00107709 10000
-0.466667 0.666667 0.125006 0.00839548 0.0192947 10000.7
-0.4 0.666667 0.125074 0.10169 0.223662 10008.4
-0.333333 0.666667 0.125607 0.876968 1.84207 10071.1
-0.266667 0.666667 0.128847 6.02236 11.8162 10466.6
-0.2 0.666667 0.146392 35.843 64.8721 12815
-0.133333 0.666667 0.269417 177.157 296.1 30886.4
-0.0666667 0.666667 0.693575 364.307 452.139 93579.9
0 0.666667 0.349809 408.185 383.805 45732.6
0.0666667 0.666667 0.166142 118.666 128.368 15921.8
0.133333 0.666667 0.158222 78.5528 95.0087 14095.1
0.2 0.666667 0.156548 67.3379 86.519 14061.8
0.266667 0.666667 0.145901 41.6234 57.3495 12687.5
0.333333 0.666667 0.133968 16.8234 25.0022 11147.6
0.4 0.666667 0.127552 4.46745 6.81287 10308
0.466667 0.666667 0.125457 0.763358 1.15759 10053.2
0.533333 0.666667 0.125051 0.0841062 0.124751 10005.8
0.6 0.666667 0.125004 0.00577559 0.00834778 10000.4
0.666667 0.666667 0.125 0.000222938 0.000314514 10000
0.733333 0.666667 0.125 3.68057e-06 5.10581e-06 10000
0.8 0.666667 0.125 0 0 10000
0.866667 0.666667 0.125 0 0 10000
0.933333 0.666667 0.125 0 0 10000
1 0.666667 0.125 1.27673e-32 0 10000

-1 0.733333 0.125 0 -0 10000
-0.933333 0.733333 0.125 0 0 10000
-0.866667 0.733333 0.125 0 0 10000
-0.8 0.733333 0.125 0 0 10000
-0.733333 0.733333 0.125 0 0 10000
-0.666667 0.733333 0.125 0 0 10000
-0.6 0.733333 0.125 1.56476e-07 4.05898e-07 10000
-0.533333 0.733333 0.125 9.55341e-06 2.52776e-05 10000
-0.466667 0.733333 0.125 0.00026246 0.000680916 10000
-0.4 0.733333 0.125004 0.0042256 0.0106219 10000.4
-0.333333 0.733333 0.125039 0.0464737 0.113313 10004.4
-0.266667 0.733333 0.125331 0.414401 0.990861 10038.9
-0.2 0.733333 0.127875 3.64495 8.95247 10361.6
-0.133333 0.733333 0.154987 36.6101 89.9299 14455.7
-0.0666667 0.733333 0.275248 198.187 318.896 35991.1
0 0.733333 0.189592 164.787 207.337 22144.1
0.0666667 0.733333 0.135356 23.4378 33.9358 11451.2
0.133333 0.733333 0.13244 14.6089 22.0478 10901.2
0.2 0.733333 0.130889 10.6506 16.6562 10709.6
0.266667 0.733333 0.127718 4.57069 7.40219 10325
0.333333 0.733333 0.125746 1.18475 1.96988 10087.3
0.4 0.733333 0.125151 0.230879 0.386174 10017.2
0.466667 0.733333 0.12502 0.030866 0.0501652 10002.3
0.533333 0.733333 0.125002 0.00258525 0.00401825 10000.2
0.6 0.733333 0.125 0.0001222 0.000180021 10000
0.666667 0.733333 0.125 2.50723e-06 3.48021e-06 10000
0.733333 0.733333 0.125 0 0 10000
0.8 0.733333 0.125 0 0 10000
0.866667 0.733333 0.125 0 0 10000
0.933333 0.733333 0.125 0 0 10000
1 0.733333 0.125 1.27673e-32 0 10000

-1 0.8 0.125 0 -0 10000
-0.933333 0.8 0.125 0 0 10000
-0.866667 0.8 0.125 0 0 10000
-0.8 0.8 0.125 0 0 10000
-0.733333 0.8 0.125 0 0 10000
-0.666667 0.8 0.125 0 0 10000
-0.6 0.8 0.125 0 0 10000
-0.533333 0.8 0.125 0 0 10000
-0.466667 0.8 0.125 1.90769e-07 5.17096e-07 10000
-0.4 0.8 0.125 1.31382e-05 3.64677e-05 10000
-0.333333 0.8 0.125 0.000438705 0.00122349 10000
-0.266667 0.8 0.125009 0.00939579 0.0268608 10001
-0.2 0.8 0.125144 0.136754 0.422973 10017.1
-0.133333 0.8 0.126571 1.43618 4.46967 10193
-0.0666667 0.8 0.130414 6.80601 15.084 10694.5
0 0.8 0.127201 4.27043 6.71303 10282.8
0.0666667 0.8 0.12572 1.20392 2.12226 10086.1
0.133333 0.8 0.125616 0.939662 1.75139 10071.7
0.2 0.8 0.125409 0.605922 1.11626 10047.1
0.266667 0.8 0.125116 0.171867 0.300396 10013.2
0.333333 0.8 0.125016 0.0248678 0.0408941 10001.8
0.4 0.8 0.125001 0.00216153 0.00337241 10000.2
0.466667 0.8 0.125 0.000104432 0.000154095 10000
0.533333 0.8 0.125 2.19727e-06 3.05185e-06 10000
0.6 0.8 0.125 0 0 10000
0.666667 0.8 0.125 0 0 10000
0.733333 0.8 0.125 0 0 10000
0.8 0.8 0.125 0 0 10000
0.866667 0.8 0.125 0 0 10000
0.933333 0.8 0.125 0 0 10000
1 0.8 0.125 1.27673e-32 0 10000

-1 0.866667 0.125 0 -0 10000
-0.933333 0.866667 0.125 0 0 10000
-0.866667 0.866667 0.125 0 0 10000
-0.8 0.866667 0.125 0 0 10000
-0.733333 0.866667 0.125 0 0 10000
-0.666667 0.866667 0.125 0 0 10000
-0.6 0.866667 0.125 0 0 10000
-0.533333 0.866667 0.125 0 0 10000
-0.466667 0.866667 0.125 0 0 10000
-0.4 0.866667 0.125 0 0 10000
-0.333333 0.866667 0.125 0 0 10000
-0.266667 0.866667 0.125 0 0 10000
-0.2 0.866667 0.125 0 0 10000
-0.133333 0.866667 0.125 0 0 10000
-0.0666667 0.866667 0.125 0 0 10000
0 0.866667 0.125 0 0 10000
0.0666667 0.866667 0.125 0 0 10000
0.133333 0.866667 0.125 0 0 10000
0.2 0.866667 0.125 0 0 10000
0.266667 0.866667 0.125 0 0 10000
0.333333 0.866667 0.125 0 0 10000
0.4 0.866667 0.125 0 0 10000
0.466667 0.866667 0.125 0 0 10000
0.533333 0.866667 0.125 0 0 10000
0.6 0.866667 0.125 0 0 10000
0.666667 0.866667 0.125 0 0 10000
0.733333 0.866667 0.125 0 0 10000
0.8 0.866667 0.125 0 0 10000
0.866667 0.866667 0.125 0 0 10000
0.933333 0.866667 0.125 0 0 10000
1 0.866667 0.125 1.27673e-32 0 10000

-1 0.933333 0.125 0 -0 10000
-0.933333 0.933333 0.125 0 0 10000
-0.866667 0.933333 0.125 0 0 10000
-0.8 0.933333 0.125 0 0 10000
-0.733333 0.933333 0.125 0 0 10000
-0.666667 0.933333 0.125 0 0 10000
-0.6 0.933333 0.125 0 0 10000
-0.533333 0.933333 0.125 0 0 10000
-0.466667 0.933333 0.125 0 0 10000
-0.4 0.933333 0.125 0 0 10000
-0.333333 0.933333 0.125 0 0 10000
-0.266667 0.933333 0.125 0 0 10000
-0.2 0.933333 0.125 0 0 10000
-0.133333 0.933333 0.125 0 0 10000
-0.0666667 0.933333 0.125 0 0 10000
0 0.933333 0.125 0 0 10000
0.0666667 0.933333 0.125 0 0 10000
0.133333 0.933333 0.125 0 0 10000
0.2 0.933333 0.125 0 0 10000
0.266667 0.933333 0.125 0 0 10000
0.333333 0.933333 0.125 0 0 10000
0.4 0.933333 0.125 0 0 10000
0.466667 0.933333 0.125 0 0 10000
0.533333 0.933333 0.125 0 0 10000
0.6 0.933333 0.125 0 0 10000
0.666667 0.933333 0.125 0 0 10000
0.733333 0.933333 0.125 0 0 10000
0.8 0.933333 0.125 0 0 10000
0.866667 0.933333 0.125 0 0 10000
0.933333 0.933333 0.125 0 0 10000
1 0.933333 0.125 1.27673e-32 0 10000

-1 1 0.125 0 -0 10000
-0.933333 1 0.125 0 0 10000
-0.866667 1 0.125 0 0 10000
-0.8 1 0.125 0 0 10000
-0.733333 1 0.125 0 0 10000
-0.666667 1 0.125 0 0 10000
-0.6 1 0.125 0 0 10000
-0.533333 1 0.125 0 0 10000
-0.466667 1 0.125 0 0 10000
-0.4 1 0.125 0 0 10000
-0.333333 1 0.125 0 0 10000
-0.266667 1 0.125 0 0 10000
-0.2 1 0.125 0 0 10000
-0.133333 1 0.125 0 0 10000
-0.0666667 1 0.125 0 0 10000
0 1 0.125 0 0 10000
0.0666667 1 0.125 0 0 10000
0.133333 1 0.125 0 0 10000
0.2 1 0.125 0 0 10000
0.266667 1 0.125 0 0 10000
0.333333 1 0.125 0 0 10000
0.4 1 0.125 0 0 10000
0.466667 1 0.125 0 0 10000
0.533333 1 0.125 0 0 10000
0.6 1 0.125 0 0 10000
0.666667 1 0.125 0 0 10000
0.733333 1 0.125 0 0 10000
0.8 1 0.125 0 0 10000
0.866667 1 0.125 0 0 10000
0.933333 1 0.125 0 0 10000
1 1 0.125 1.27673e-32 0 10000

