0.0005 1.07428 -183.124 1.84253e+06 5147.57
0.0015 1.14552 -28.324 1.9946e+06 5217.6
0.0025 1.14552 28.324 1.9946e+06 5217.6
0.0035 1.07428 183.124 1.84253e+06 5147.57
0.0045 1.00302 311.227 1.6983e+06 5087.88
0.0055 0.936497 413.55 1.57541e+06 5054.94
0.0065 0.866114 510.372 1.45199e+06 5033.92
0.0075 0.791439 606.404 1.32964e+06 5034.92
0.0085 0.718016 700.497 1.21294e+06 5049.3
0.0095 0.641446 791.824 1.09558e+06 5086.08
0.0105 0.561735 883.581 989831 5209.45
0.0115 0.488344 967.344 902518 5411.21
0.0125 0.424202 1043.4 825890 5636.61
0.0135 0.374012 1105.24 760862 5824.69
0.0145 0.338028 1141.14 700256 5896.4
0.0155 0.304763 1081.22 601015 5667.04
0.0165 0.184996 266.611 268406 4364.45
0.0175 0.0771471 -1185.19 65993.4 2905.79
0.0185 0.076395 -1105.24 63259.3 2824.55
0.0195 0.0841342 -935.276 70061.1 2840.25
0.0205 0.0909554 -801.142 76240.3 2858.15
0.0215 0.0978227 -686.276 82648.4 2879.33
0.0225 0.10554 -581.413 89955.5 2902.9
0.0235 0.114025 -486.53 97966.5 2924.72
0.0245 0.123114 -401.781 106426 2941.9
0.0255 0.132909 -325.373 115318 2952.83
0.0265 0.143531 -255.437 124690 2957.56
0.0275 0.155049 -190.97 134531 2955.9
0.0285 0.167534 -131.304 144814 2947.37
0.0295 0.18109 -75.773 155541 2932.05
0.0305 0.195861 -23.846 166720 2909.61
0.0315 0.212005 25.1845 178274 2878.63
0.0325 0.22977 71.6346 190270 2839.3
0.0335 0.249422 115.924 202741 2791.33
0.0345 0.271338 158.267 215602 2733.08
0.0355 0.296032 198.716 229008 2664.69
0.0365 0.324132 237.38 243009 2585.79
0.0375 0.356447 274.252 257692 2496.27
0.0385 0.39398 309.278 273209 2396.6
0.0395 0.437972 342.474 289655 2287.37
0.0405 0.489963 374.002 307215 2169.78
0.0415 0.551876 404.043 326048 2045.15
0.0425 0.626225 432.742 346280 1914.76
0.0435 0.716011 460.538 368185 1780.97
0.0445 0.826544 487.721 392253 1643.86
0.0455 0.963178 513.701 419652 1509.4
0.0465 1.13602 544.952 450106 1372.7
0.0475 1.37403 566.411 482493 1216.69
0.0485 1.61363 559.168 497373 1067.99
0.0495 1.79598 538.101 495177 955.299
0.0505 1.9407 509.556 471114 841.153
0.0515 2.04184 470.516 420316 713.277
0.0525 2.0875 416.746 368635 611.907
0.0535 2.11169 377.375 339596 557.265
0.0545 2.19524 358.207 329127 519.523
0.0555 2.31489 347.889 324973 486.464
0.0565 2.41525 349.374 326063 467.786
0.0575 2.48309 352.089 331901 463.187
0.0585 2.51601 350.817 334613 460.851
0.0595 2.52684 345.605 332538 456.043
0.0605 2.51283 331.511 322838 445.192
0.0615 2.43403 302.9 298747 425.323
0.0625 2.22214 245.494 250349 390.408
0.0635 1.8456 160.04 185586 348.463
0.0645 1.52193 85.9113 141220 321.525
0.0655 1.36407 41.4397 119318 303.107
0.0665 1.29156 19.6567 109589 294.022
0.0675 1.25928 9.9863 105455 290.196
0.0685 1.24467 5.68487 103660 288.592
0.0695 1.23759 3.62653 102806 287.859
0.0705 1.23374 2.51158 102346 287.475
0.0715 1.23136 1.82556 102066 287.242
0.0725 1.22974 1.35916 101876 287.085
0.0735 1.22857 1.0221 101739 286.971
0.0745 1.2277 0.770837 101637 286.887
0.0755 1.22704 0.581017 101560 286.824
0.0765 1.22653 0.436984 101502 286.776
0.0775 1.22615 0.327678 101458 286.739
0.0785 1.22586 0.244878 101424 286.712
0.0795 1.22564 0.182333 101399 286.691
0.0805 1.22548 0.135244 101380 286.675
0.0815 1.22535 0.0999212 101366 286.664
0.0825 1.22526 0.0735257 101355 286.655
0.0835 1.22519 0.0538802 101347 286.648
0.0845 1.22514 0.0393189 101341 286.644
0.0855 1.2251 0.0285716 101337 286.64
0.0865 1.22507 0.0206734 101333 286.637
0.0875 1.22505 0.0148942 101331 286.636
0.0885 1.22504 0.0106843 101329 286.634
0.0895 1.22503 0.00763103 101328 286.633
0.0905 1.22502 0.00542659 101327 286.632
0.0915 1.22501 0.00384213 101327 286.632
0.0925 1.22501 0.00270842 101326 286.632
0.0935 1.22501 0.00190088 101326 286.631
0.0945 1.225 0.00132828 101326 286.631
0.0955 1.225 0.000924095 101325 286.631
0.0965 1.225 0.000640087 101325 286.631
0.0975 1.225 0.000441423 101325 286.631
0.0985 1.225 0.000303086 101325 286.631
0.0995 1.225 0.000207192 101325 286.631
0.1005 1.225 0.000141019 101325 286.631
0.1015 1.225 9.55608e-05 101325 286.631
0.1025 1.225 6.44741e-05 101325 286.631
0.1035 1.225 4.33109e-05 101325 286.631
0.1045 1.225 2.89683e-05 101325 286.631
0.1055 1.225 1.92917e-05 101325 286.631
0.1065 1.225 1.27922e-05 101325 286.631
0.1075 1.225 8.446e-06 101325 286.631
0.1085 1.225 5.5523e-06 101325 286.631
0.1095 1.225 3.63389e-06 101325 286.631
0.1105 1.225 2.36755e-06 101325 286.631
0.1115 1.225 1.53542e-06 101325 286.631
0.1125 1.225 9.91272e-07 101325 286.631
0.1135 1.225 6.37391e-07 101325 286.631
0.1145 1.225 4.08731e-07 101325 286.631
0.1155 1.225 2.62184e-07 101325 286.631
0.1165 1.225 1.69297e-07 101325 286.631
0.1175 1.225 1.11295e-07 101325 286.631
0.1185 1.225 7.57236e-08 101325 286.631
0.1195 1.225 5.43676e-08 101325 286.631
0.1205 1.225 4.16332e-08 101325 286.631
0.1215 1.225 3.29299e-08 101325 286.631
0.1225 1.225 2.57895e-08 101325 286.631
0.1235 1.225 1.9954e-08 101325 286.631
0.1245 1.225 1.52796e-08 101325 286.631
0.1255 1.225 1.15786e-08 101325 286.631
0.1265 1.225 8.68146e-09 101325 286.631
0.1275 1.225 6.43945e-09 101325 286.631
0.1285 1.225 4.72453e-09 101325 286.631
0.1295 1.225 3.42829e-09 101325 286.631
0.1305 1.225 2.46028e-09 101325 286.631
0.1315 1.225 1.74617e-09 101325 286.631
0.1325 1.225 1.22576e-09 101325 286.631
0.1335 1.225 8.51169e-10 101325 286.631
0.1345 1.225 5.84854e-10 101325 286.631
0.1355 1.225 3.97873e-10 101325 286.631
0.1365 1.225 2.68241e-10 101325 286.631
0.1375 1.225 1.79556e-10 101325 286.631
0.1385 1.225 1.19721e-10 101325 286.631
0.1395 1.225 7.99253e-11 101325 286.631
0.1405 1.225 5.38309e-11 101325 286.631
0.1415 1.225 3.69125e-11 101325 286.631
0.1425 1.225 2.56504e-11 101325 286.631
0.1435 1.225 1.78815e-11 101325 286.631
0.1445 1.225 1.24376e-11 101325 286.631
0.1455 1.225 8.62446e-12 101325 286.631
0.1465 1.225 5.94146e-12 101325 286.631
0.1475 1.225 4.0604e-12 101325 286.631
0.1485 1.225 2.77495e-12 101325 286.631
0.1495 1.225 1.86683e-12 101325 286.631
0.1505 1.225 1.2506e-12 101325 286.631
0.1515 1.225 8.30807e-13 101325 286.631
0.1525 1.225 5.48262e-13 101325 286.631
0.1535 1.225 3.55536e-13 101325 286.631
0.1545 1.225 2.24155e-13 101325 286.631
0.1555 1.225 1.44282e-13 101325 286.631
0.1565 1.225 8.73692e-14 101325 286.631
0.1575 1.225 4.20188e-14 101325 286.631
0.1585 1.225 2.55464e-14 101325 286.631
0.1595 1.225 1.03372e-14 101325 286.631
0.1605 1.225 6.94286e-26 101325 286.631
0.1615 1.225 3.10407e-26 101325 286.631
0.1625 1.225 1.38087e-26 101325 286.631
0.1635 1.225 6.11227e-27 101325 286.631
0.1645 1.225 2.69204e-27 101325 286.631
0.1655 1.225 1.17975e-27 101325 286.631
0.1665 1.225 5.14427e-28 101325 286.631
0.1675 1.225 2.23197e-28 101325 286.631
0.1685 1.225 9.63564e-29 101325 286.631
0.1695 1.225 4.13906e-29 101325 286.631
0.1705 1.225 1.7691e-29 101325 286.631
0.1715 1.225 7.52367e-30 101325 286.631
0.1725 1.225 3.18373e-30 101325 286.631
0.1735 1.225 1.34052e-30 101325 286.631
0.1745 1.225 5.61611e-31 101325 286.631
0.1755 1.225 2.34114e-31 101325 286.631
0.1765 1.225 9.71066e-32 101325 286.631
0.1775 1.225 4.00773e-32 101325 286.631
0.1785 1.225 1.6458e-32 101325 286.631
0.1795 1.225 6.72485e-33 101325 286.631
0.1805 1.225 2.73412e-33 101325 286.631
0.1815 1.225 1.10607e-33 101325 286.631
0.1825 1.225 4.45218e-34 101325 286.631
0.1835 1.225 1.78317e-34 101325 286.631
0.1845 1.225 7.10628e-35 101325 286.631
0.1855 1.225 2.81786e-35 101325 286.631
0.1865 1.225 1.1118e-35 101325 286.631
0.1875 1.225 4.36477e-36 101325 286.631
0.1885 1.225 1.705e-36 101325 286.631
0.1895 1.225 6.62698e-37 101325 286.631
0.1905 1.225 2.56293e-37 101325 286.631
0.1915 1.225 9.86245e-38 101325 286.631
0.1925 1.225 3.77626e-38 101325 286.631
0.1935 1.225 1.43869e-38 101325 286.631
0.1945 1.225 5.45384e-39 101325 286.631
0.1955 1.225 2.05715e-39 101325 286.631
0.1965 1.225 7.7207e-40 101325 286.631
0.1975 1.225 2.88321e-40 101325 286.631
0.1985 1.225 1.07133e-40 101325 286.631
0.1995 1.225 3.96097e-41 101325 286.631
0.2005 1.225 0 101325 286.631
0.2015 1.225 0 101325 286.631
0.2025 1.225 0 101325 286.631
0.2035 1.225 0 101325 286.631
