0.000333333 0.771519 -44.8808 7.95626e+06 16058.2
0.001 0.801305 24.3022 8.29696e+06 16116.3
0.00166667 0.801305 -24.3022 8.29696e+06 16116.3
0.00233333 0.771519 44.8808 7.95626e+06 16058.2
0.003 0.741182 90.6156 7.64122e+06 16035.7
0.00366667 0.713163 131.041 7.34631e+06 16008.9
0.00433333 0.68714 170.218 7.06636e+06 15974.6
0.005 0.66315 209.278 6.80147e+06 15931.8
0.00566667 0.641226 248.42 6.55128e+06 15878.8
0.00633333 0.621325 287.612 6.31642e+06 15816.5
0.007 0.603328 327.513 6.09636e+06 15744.2
0.00766667 0.587261 367.032 5.89079e+06 15661.6
0.00833333 0.572957 407.412 5.69981e+06 15571.1
0.009 0.560363 447.147 5.52214e+06 15470.8
0.00966667 0.549393 486.849 5.35776e+06 15361.4
0.0103333 0.539927 526.262 5.20593e+06 15244.7
0.011 0.532002 564.793 5.0667e+06 15119
0.0116667 0.525582 603.277 4.93821e+06 14982.1
0.0123333 0.520769 640.145 4.82119e+06 14833.9
0.013 0.517687 676.934 4.71353e+06 14667.8
0.0136667 0.516282 712.317 4.61551e+06 14485.2
0.0143333 0.515987 746.639 4.52551e+06 14293.4
0.015 0.516385 780.05 4.44392e+06 14102.1
0.0156667 0.517466 812.018 4.36988e+06 13910.6
0.0163333 0.519347 842.705 4.30289e+06 13716.8
0.017 0.522171 872.053 4.24207e+06 13516.9
0.0176667 0.526032 899.553 4.18677e+06 13309.4
0.0183333 0.530913 926.222 4.13671e+06 13093.3
0.019 0.537083 951.153 4.09118e+06 12866.1
0.0196667 0.544303 974.872 4.04964e+06 12631
0.0203333 0.552909 997.738 4.01239e+06 12386.1
0.021 0.56282 1019 3.97787e+06 12132.3
0.0216667 0.573865 1038.95 3.94582e+06 11875.9
0.0223333 0.586384 1058.31 3.91626e+06 11615.6
0.023 0.600407 1076.2 3.88903e+06 11354.6
0.0236667 0.615252 1092.43 3.86336e+06 11103.8
0.0243333 0.631034 1107.66 3.83949e+06 10866.8
0.025 0.647481 1121.84 3.81684e+06 10643.9
0.0256667 0.664409 1134.97 3.79514e+06 10436.3
0.0263333 0.682075 1146.87 3.77437e+06 10242.6
0.027 0.70062 1157.47 3.75375e+06 10057.1
0.0276667 0.720231 1167.22 3.73329e+06 9880.36
0.0283333 0.740931 1175.7 3.71304e+06 9709.64
0.029 0.762729 1183.14 3.69228e+06 9545.76
0.0296667 0.785652 1189.57 3.67156e+06 9386.71
0.0303333 0.809407 1194.54 3.649e+06 9231.94
0.031 0.834306 1198.77 3.62624e+06 9081.02
0.0316667 0.860182 1201.67 3.60254e+06 8932.7
0.0323333 0.886953 1203.46 3.57706e+06 8786.28
0.033 0.91459 1204.01 3.55039e+06 8641.16
0.0336667 0.943251 1203.9 3.52374e+06 8497.34
0.0343333 0.972731 1202.71 3.4958e+06 8353.69
0.035 1.00301 1200.85 3.46771e+06 8210.28
0.0356667 1.03377 1198.08 3.43917e+06 8067.46
0.0363333 1.06499 1195.37 3.41039e+06 7924.34
0.037 1.09638 1192.36 3.38185e+06 7782.1
0.0376667 1.12851 1189.41 3.35416e+06 7638.63
0.0383333 1.16078 1186.02 3.32626e+06 7494.19
0.039 1.19285 1182.25 3.29801e+06 7349.48
0.0396667 1.22437 1177.42 3.26784e+06 7202.64
0.0403333 1.2548 1170.91 3.23478e+06 7054.51
0.041 1.28331 1161.93 3.1973e+06 6904.43
0.0416667 1.30944 1149.94 3.15362e+06 6751.52
0.0423333 1.33251 1134.75 3.09938e+06 6590.8
0.043 1.35284 1116.51 3.03708e+06 6423.87
0.0436667 1.37044 1095.41 2.97194e+06 6258.62
0.0443333 1.38503 1070.91 2.90172e+06 6092.65
0.045 1.39643 1043.16 2.82404e+06 5923.06
0.0456667 1.40483 1011.88 2.73934e+06 5749.25
0.0463333 1.40979 977.082 2.64779e+06 5573.72
0.047 1.41202 938.59 2.55217e+06 5399.54
0.0476667 1.41145 898.69 2.45372e+06 5229.72
0.0483333 1.41136 862.292 2.36033e+06 5068.85
0.049 1.4147 829.316 2.27558e+06 4915.68
0.0496667 1.42294 798.231 2.19829e+06 4766.23
0.0503333 1.43232 768.795 2.12538e+06 4624.54
0.051 1.43967 741.681 2.05639e+06 4496.24
0.0516667 1.44581 716.152 1.99109e+06 4378
0.0523333 1.45076 691.745 1.92908e+06 4267.34
0.053 1.45428 668.263 1.86952e+06 4162.69
0.0536667 1.45631 645.41 1.81215e+06 4062.8
0.0543333 1.45703 622.573 1.75616e+06 3965.79
0.055 1.45603 599.1 1.70049e+06 3870.08
0.0556667 1.4518 574.746 1.64388e+06 3776.07
0.0563333 1.44269 549.079 1.58583e+06 3685.86
0.057 1.42791 520.962 1.52588e+06 3600.02
0.0576667 1.40527 490.465 1.46317e+06 3520.91
0.0583333 1.37986 460.027 1.40168e+06 3445.99
0.059 1.35912 432.315 1.34644e+06 3370.37
0.0596667 1.34179 407.629 1.29716e+06 3297.21
0.0603333 1.32731 385.891 1.25325e+06 3227.23
0.061 1.31534 366.818 1.2142e+06 3160.75
0.0616667 1.30543 350.154 1.17864e+06 3096.24
0.0623333 1.29706 335.607 1.14632e+06 3034.78
0.063 1.28977 323.005 1.11649e+06 2975.6
0.0636667 1.28314 312.115 1.08829e+06 2918.32
0.0643333 1.27687 302.737 1.06159e+06 2863.12
0.065 1.27083 294.798 1.03605e+06 2809.46
0.0656667 1.26493 288.121 1.01135e+06 2756.83
0.0663333 1.2591 282.473 987162 2704.97
0.067 1.25318 277.696 963653 2654.34
0.0676667 1.24705 273.752 940845 2605.28
0.0683333 1.24076 270.515 918657 2557.55
0.069 1.23442 267.768 896975 2510.95
0.0696667 1.22794 265.437 875918 2465.63
0.0703333 1.22119 263.537 855412 2421.67
0.071 1.21412 262.046 835211 2378.87
0.0716667 1.20665 260.906 815376 2337.22
0.0723333 1.19878 260.167 796038 2297.02
0.073 1.1906 259.792 777013 2257.98
0.0736667 1.18218 259.719 758496 2220.16
0.0743333 1.17362 259.972 740457 2183.32
0.075 1.165 260.47 722754 2147.25
0.0756667 1.15627 261.196 705570 2112.12
0.0763333 1.14735 262.132 688629 2077.69
0.077 1.13808 263.25 671981 2044.12
0.0776667 1.12839 264.639 655592 2011.52
0.0783333 1.11828 266.293 639512 1980.07
0.079 1.10811 268.177 623834 1949.34
0.0796667 1.09809 270.161 608453 1918.77
0.0803333 1.0881 272.268 593458 1888.7
0.081 1.07808 274.462 578820 1859.37
0.0816667 1.06793 276.779 564628 1831.05
0.0823333 1.05785 279.131 550824 1803.41
0.083 1.04815 281.513 537520 1776.16
0.0836667 1.03899 283.893 524650 1749.01
0.0843333 1.03059 286.318 512217 1721.48
0.085 1.02331 288.806 500096 1692.82
0.0856667 1.0176 291.364 488448 1662.67
0.0863333 1.01375 294.022 477249 1630.69
0.087 1.01175 296.873 466466 1597.09
0.0876667 1.01121 300.218 456313 1563.22
0.0883333 1.01238 304.647 447172 1530.15
0.089 1.01782 311.25 439669 1496.49
0.0896667 1.03351 322.056 434488 1456.39
0.0903333 1.07053 339.534 431013 1394.83
0.091 1.14706 362.233 425733 1285.95
0.0916667 1.28172 386.254 422629 1142.51
0.0923333 1.51566 404.354 423659 968.54
0.093 1.80689 403.875 426081 817.108
0.0936667 2.01126 390.817 419343 722.45
0.0943333 2.11095 377.724 395253 648.819
0.095 2.15129 355.443 351401 566.022
0.0956667 2.12948 301.93 282088 459.029
0.0963333 1.9389 203.127 204082 364.734
0.097 1.60157 101.737 148869 322.106
0.0976667 1.37108 44.2198 120417 304.348
0.0983333 1.27987 16.9442 108451 293.642
0.099 1.24533 6.23006 103935 289.207
0.0996667 1.23262 2.32064 102297 287.596
0.100333 1.22798 0.907696 101706 287.015
0.101 1.22624 0.380953 101485 286.796
0.101667 1.22556 0.171996 101398 286.707
0.102333 1.22527 0.0824369 101360 286.668
0.103 1.22513 0.0411431 101342 286.649
0.103667 1.22507 0.0210185 101334 286.64
0.104333 1.22503 0.0108605 101330 286.636
0.105 1.22502 0.00563507 101327 286.633
0.105667 1.22501 0.00292429 101326 286.632
0.106333 1.225 0.00151461 101326 286.631
0.107 1.225 0.00078214 101325 286.631
0.107667 1.225 0.00040248 101325 286.631
0.108333 1.225 0.000206334 101325 286.631
0.109 1.225 0.00010537 101325 286.631
0.109667 1.225 5.35984e-05 101325 286.631
0.110333 1.225 2.71568e-05 101325 286.631
0.111 1.225 1.37058e-05 101325 286.631
0.111667 1.225 6.89071e-06 101325 286.631
0.112333 1.225 3.45169e-06 101325 286.631
0.113 1.225 1.72327e-06 101325 286.631
0.113667 1.225 8.58289e-07 101325 286.631
0.114333 1.225 4.27495e-07 101325 286.631
0.115 1.225 2.14236e-07 101325 286.631
0.115667 1.225 1.09661e-07 101325 286.631
0.116333 1.225 5.92422e-08 101325 286.631
0.117 1.225 3.53622e-08 101325 286.631
0.117667 1.225 2.3473e-08 101325 286.631
0.118333 1.225 1.60993e-08 101325 286.631
0.119 1.225 1.07384e-08 101325 286.631
0.119667 1.225 6.99556e-09 101325 286.631
0.120333 1.225 4.46008e-09 101325 286.631
0.121 1.225 2.78491e-09 101325 286.631
0.121667 1.225 1.70328e-09 101325 286.631
0.122333 1.225 1.02063e-09 101325 286.631
0.123 1.225 5.99534e-10 101325 286.631
0.123667 1.225 3.45695e-10 101325 286.631
0.124333 1.225 1.96116e-10 101325 286.631
0.125 1.225 1.09935e-10 101325 286.631
0.125667 1.225 6.14364e-11 101325 286.631
0.126333 1.225 3.46925e-11 101325 286.631
0.127 1.225 1.9987e-11 101325 286.631
0.127667 1.225 1.16725e-11 101325 286.631
0.128333 1.225 6.86552e-12 101325 286.631
0.129 1.225 4.05958e-12 101325 286.631
0.129667 1.225 2.40652e-12 101325 286.631
0.130333 1.225 1.42552e-12 101325 286.631
0.131 1.225 8.47256e-13 101325 286.631
0.131667 1.225 5.04527e-13 101325 286.631
0.132333 1.225 2.9842e-13 101325 286.631
0.133 1.225 1.79867e-13 101325 286.631
0.133667 1.225 9.72352e-14 101325 286.631
0.134333 1.225 5.45706e-14 101325 286.631
0.135 1.225 2.25496e-14 101325 286.631
0.135667 1.225 1.48721e-14 101325 286.631
0.136333 1.225 5.04275e-15 101325 286.631
0.137 1.225 2.545e-15 101325 286.631
0.137667 1.225 6.71288e-17 101325 286.631
0.138333 1.225 4.90429e-15 101325 286.631
0.139 1.225 3.51038e-17 101325 286.631
0.139667 1.225 2.44938e-15 101325 286.631
0.140333 1.225 -2.41936e-15 101325 286.631
0.141 1.225 2.47664e-15 101325 286.631
0.141667 1.225 -2.42305e-15 101325 286.631
0.142333 1.225 2.47279e-15 101325 286.631
0.143 1.225 -2.38338e-15 101325 286.631
0.143667 1.225 2.44225e-15 101325 286.631
0.144333 1.225 -2.40674e-15 101325 286.631
0.145 1.225 2.44008e-15 101325 286.631
0.145667 1.225 -2.3948e-15 101325 286.631
0.146333 1.225 2.4227e-15 101325 286.631
0.147 1.225 -2.40936e-15 101325 286.631
0.147667 1.225 2.45812e-15 101325 286.631
0.148333 1.225 -2.44671e-15 101325 286.631
0.149 1.225 2.45769e-15 101325 286.631
0.149667 1.225 -2.44678e-15 101325 286.631
0.150333 1.225 2.45734e-15 101325 286.631
0.151 1.225 -2.41772e-15 101325 286.631
0.151667 1.225 2.43617e-15 101325 286.631
0.152333 1.225 -2.41822e-15 101325 286.631
0.153 1.225 2.42686e-15 101325 286.631
0.153667 1.225 5.30567e-24 101325 286.631
0.154333 1.225 3.17543e-24 101325 286.631
0.155 1.225 1.89627e-24 101325 286.631
0.155667 1.225 1.12988e-24 101325 286.631
0.156333 1.225 6.71735e-25 101325 286.631
0.157 1.225 3.98474e-25 101325 286.631
0.157667 1.225 2.3585e-25 101325 286.631
0.158333 1.225 1.39286e-25 101325 286.631
0.159 1.225 8.20757e-26 101325 286.631
0.159667 1.225 4.82565e-26 101325 286.631
0.160333 1.225 2.83095e-26 101325 286.631
0.161 1.225 1.65708e-26 101325 286.631
0.161667 1.225 9.67809e-27 101325 286.631
0.162333 1.225 5.63989e-27 101325 286.631
0.163 1.225 3.27934e-27 101325 286.631
0.163667 1.225 -2.42686e-15 101325 286.631
0.164333 1.225 2.41822e-15 101325 286.631
0.165 1.225 -2.43617e-15 101325 286.631
0.165667 1.225 -9.14362e-18 101325 286.631
0.166333 1.225 -9.73842e-15 101325 286.631
0.167 1.225 -2.92331e-14 101325 286.631
0.167667 1.225 -9.49878e-14 101325 286.631
0.168333 1.225 -3.26366e-13 101325 286.631
0.169 1.225 -1.05018e-12 101325 286.631
0.169667 1.225 -3.32507e-12 101325 286.631
0.170333 1.225 -1.03111e-11 101325 286.631
0.171 1.225 -3.08772e-11 101325 286.631
0.171667 1.225 -8.74743e-11 101325 286.631
0.172333 1.225 -2.41054e-10 101325 286.631
0.173 1.225 -5.17852e-10 101325 286.631
0.173667 1.225 -1.05278e-09 101325 286.631
0.174333 1.225 -6.08325e-09 101325 286.631
0.175 1.225 -2.44109e-08 101325 286.631
0.175667 1.225 -8.10412e-08 101325 286.631
0.176333 1.225 -2.53736e-07 101325 286.631
0.177 1.225 -7.61672e-07 101325 286.631
0.177667 1.225 -2.20901e-06 101325 286.631
0.178333 1.225 -6.20584e-06 101325 286.631
0.179 1.225 -1.69017e-05 101325 286.631
0.179667 1.225 -4.46463e-05 101325 286.631
0.180333 1.225 -0.000114421 101325 286.631
0.181 1.225 -0.000284572 101325 286.631
0.181667 1.225 -0.000686973 101325 286.631
0.182333 1.22501 -0.00161 101326 286.631
0.183 1.22501 -0.00366365 101327 286.632
0.183667 1.22503 -0.00809589 101328 286.633
0.184333 1.22506 -0.0173747 101332 286.637
0.185 1.22513 -0.0362162 101340 286.643
0.185667 1.22527 -0.0733212 101355 286.655
0.186333 1.22552 -0.144172 101385 286.679
0.187 1.226 -0.2753 101439 286.723
0.187667 1.22685 -0.510379 101537 286.801
0.188333 1.22832 -0.918232 101706 286.936
0.189 1.2308 -1.60202 101991 287.162
0.189667 1.23482 -2.70748 102454 287.522
0.190333 1.24114 -4.42475 103180 288.071
0.191 1.25069 -6.98246 104254 288.862
0.191667 1.26471 -10.6272 105816 289.921
0.192333 1.28433 -15.5609 107946 291.251
0.193 1.31194 -21.8679 110751 292.519
0.193667 1.34439 -29.4932 114217 294.408
0.194333 1.36763 -38.7702 118377 299.944
0.195 1.37498 -49.138 122709 309.266
0.195667 1.37212 -58.6326 126581 319.687
0.196333 1.36023 -66.1592 130121 331.48
0.197 1.33554 -71.6806 133601 346.639
0.197667 1.29571 -75.5151 137303 367.209
0.198333 1.23724 -78.7062 141021 394.973
0.199 1.16608 -80.9601 143983 427.886
0.199667 1.11125 -78.7795 146352 456.354
0.200333 1.08801 -73.4415 148475 472.88
0.201 1.08258 -70.4642 149604 478.883
0.201667 1.08258 -70.4642 149604 478.883
0.202333 1.08258 -70.4642 149604 478.883
