0.0015 0.430134 -48.2759 734613 5055.21
0.0025 0.430134 48.2759 734613 5055.21
0.0035 0.412656 211.962 698802 5016.23
0.0045 0.394418 345.837 662982 4981.72
0.0055 0.3782 448.498 633365 4963.39
0.0065 0.3611 540.768 603835 4953.65
0.0075 0.342854 626.985 574083 4955.66
0.0085 0.322878 709.786 544883 4983.95
0.0095 0.302482 787.897 518098 5042.78
0.0105 0.281076 856.804 491952 5131.01
0.0115 0.256045 921.444 469391 5328.14
0.0125 0.230176 981.502 453985 5644.15
0.0135 0.207717 1031.6 442016 5961.39
0.0145 0.188708 1073.07 432755 6253.93
0.0155 0.173403 1104.95 426440 6507.27
0.0165 0.163209 1131.35 422626 6682.91
0.0175 0.159048 1148.94 421390 6758.43
0.0185 0.159035 1161.26 420894 6754.63
0.0195 0.163646 1169.41 422276 6671.01
0.0205 0.176797 1171.41 426909 6442.43
0.0215 0.200011 1160.65 437138 6068.34
0.0225 0.216854 1139.24 432642 5689.11
0.0235 0.214027 999.705 389386 5282.44
0.0245 0.147178 331.651 222969 4503.42
0.0255 0.0825231 -583.723 103119 3842.81
0.0265 0.0779716 -655.5 95477.8 3783.65
0.0275 0.0817197 -593.042 100580 3801.17
0.0285 0.0864725 -524.554 106857 3816.38
0.0295 0.0906335 -470.303 112070 3821.68
0.0305 0.0950759 -419.103 117231 3817.86
0.0315 0.100121 -368.782 122560 3802.64
0.0325 0.105753 -320.189 127971 3776.51
0.0335 0.112087 -273.165 133448 3738.63
0.0345 0.119355 -227.003 139063 3687.92
0.0355 0.127699 -181.741 144829 3624.88
0.0365 0.137209 -137.78 150748 3550.36
0.0375 0.147987 -95.1887 156864 3465.54
0.0385 0.160091 -53.7879 163243 3372.31
0.0395 0.173504 -13.2769 169891 3272.57
0.0405 0.188202 26.7109 176838 3168.52
0.0415 0.204257 66.2549 184022 3060.11
0.0425 0.22192 104.818 191473 2947.2
0.0435 0.241528 141.863 199319 2830.83
0.0445 0.263423 177.18 207652 2712.16
0.0455 0.287849 210.8 216388 2592.1
0.0465 0.315127 243.246 225591 2472.14
0.0475 0.345674 274.805 235249 2352.58
0.0485 0.380245 305.588 245424 2232.73
0.0495 0.42006 335.695 256283 2111.63
0.0505 0.46752 365.165 268185 1986
0.0515 0.525387 392.928 281793 1857.51
0.0525 0.598177 424.25 296980 1719.73
0.0535 0.696652 446.681 313062 1556.81
0.0545 0.793748 446.379 320863 1400.53
0.0555 0.867372 432.857 319853 1277.71
0.0565 0.923657 410.319 306719 1150.55
0.0575 0.960105 373.59 278051 1003.45
0.0585 0.970389 307.767 242001 864.167
0.0595 0.964197 249.897 214489 770.844
0.0605 0.988166 226.889 203733 714.442
0.0615 1.05983 216.947 201695 659.47
0.0625 1.16699 216.684 202948 602.639
0.0635 1.29278 225.995 208397 558.591
0.0645 1.42783 241.875 219411 532.505
0.0655 1.57348 261.906 235028 517.593
0.0665 1.73581 283.992 253435 505.926
0.0675 1.92295 305.425 273373 492.634
0.0685 2.12061 327.297 293480 479.54
0.0695 2.30639 348.256 314905 473.14
0.0705 2.46757 364.064 335331 470.903
0.0715 2.59836 374.278 350794 467.799
0.0725 2.69583 379.059 360933 463.918
0.0735 2.76147 379.375 366027 459.311
0.0745 2.80056 377.002 367636 454.866
0.0755 2.82122 373.588 366941 450.712
0.0765 2.82963 367.864 363461 445.11
0.0775 2.81996 356.574 355131 436.402
0.0785 2.76516 336.834 337935 423.499
0.0795 2.62475 305.289 307149 405.512
0.0805 2.3407 249.215 255601 378.405
0.0815 1.92263 169.652 192609 347.155
0.0825 1.58805 100.419 149180 325.529
0.0835 1.40894 53.244 124943 307.294
0.0845 1.31633 26.5758 112672 296.608
0.0855 1.27 12.9932 106768 291.324
0.0865 1.24722 6.35486 103964 288.854
0.0875 1.23608 3.14495 102625 287.705
0.0885 1.23062 1.58545 101977 287.164
0.0895 1.22793 0.822955 101663 286.905
0.0905 1.22659 0.445506 101508 286.778
0.0915 1.22591 0.254447 101429 286.714
0.0925 1.22555 0.15422 101388 286.681
0.0935 1.22535 0.0989156 101365 286.663
0.0945 1.22524 0.0664617 101352 286.652
0.0955 1.22516 0.0461678 101344 286.646
0.0965 1.22512 0.0327544 101338 286.641
0.0975 1.22508 0.0235131 101335 286.638
0.0985 1.22506 0.0169712 101332 286.636
0.0995 1.22504 0.0122676 101330 286.635
0.1005 1.22503 0.0088598 101329 286.634
0.1015 1.22502 0.00638438 101328 286.633
0.1025 1.22502 0.00458684 101327 286.632
0.1035 1.22501 0.00328417 101326 286.632
0.1045 1.22501 0.0023429 101326 286.631
0.1055 1.22501 0.00166511 101326 286.631
0.1065 1.225 0.00117886 101325 286.631
0.1075 1.225 0.00083137 101325 286.631
0.1085 1.225 0.000584025 101325 286.631
0.1095 1.225 0.000408665 101325 286.631
0.1105 1.225 0.000284839 101325 286.631
0.1115 1.225 0.000197754 101325 286.631
0.1125 1.225 0.000136756 101325 286.631
0.1135 1.225 9.42031e-05 101325 286.631
0.1145 1.225 6.46368e-05 101325 286.631
0.1155 1.225 4.41767e-05 101325 286.631
0.1165 1.225 3.00752e-05 101325 286.631
0.1175 1.225 2.03953e-05 101325 286.631
0.1185 1.225 1.37773e-05 101325 286.631
0.1195 1.225 9.27093e-06 101325 286.631
0.1205 1.225 6.2146e-06 101325 286.631
0.1215 1.225 4.14996e-06 101325 286.631
0.1225 1.225 2.76085e-06 101325 286.631
0.1235 1.225 1.83014e-06 101325 286.631
0.1245 1.225 1.20933e-06 101325 286.631
0.1255 1.225 7.9722e-07 101325 286.631
0.1265 1.225 5.25087e-07 101325 286.631
0.1275 1.225 3.46452e-07 101325 286.631
0.1285 1.225 2.30028e-07 101325 286.631
0.1295 1.225 1.54871e-07 101325 286.631
0.1305 1.225 1.07006e-07 101325 286.631
0.1315 1.225 7.70399e-08 101325 286.631
0.1325 1.225 5.85738e-08 101325 286.631
0.1335 1.225 4.70992e-08 101325 286.631
0.1345 1.225 3.87727e-08 101325 286.631
0.1355 1.225 3.16456e-08 101325 286.631
0.1365 1.225 2.56625e-08 101325 286.631
0.1375 1.225 2.06891e-08 101325 286.631
0.1385 1.225 1.65856e-08 101325 286.631
0.1395 1.225 1.3221e-08 101325 286.631
0.1405 1.225 1.04787e-08 101325 286.631
0.1415 1.225 8.2565e-09 101325 286.631
0.1425 1.225 6.46667e-09 101325 286.631
0.1435 1.225 5.03399e-09 101325 286.631
0.1445 1.225 3.89449e-09 101325 286.631
0.1455 1.225 2.9941e-09 101325 286.631
0.1465 1.225 2.28737e-09 101325 286.631
0.1475 1.225 1.73641e-09 101325 286.631
0.1485 1.225 1.30983e-09 101325 286.631
0.1495 1.225 9.81874e-10 101325 286.631
0.1505 1.225 7.31561e-10 101325 286.631
0.1515 1.225 5.41908e-10 101325 286.631
0.1525 1.225 3.99294e-10 101325 286.631
0.1535 1.225 2.9285e-10 101325 286.631
0.1545 1.225 2.13999e-10 101325 286.631
0.1555 1.225 1.56063e-10 101325 286.631
0.1565 1.225 1.13878e-10 101325 286.631
0.1575 1.225 8.34221e-11 101325 286.631
0.1585 1.225 6.16865e-11 101325 286.631
0.1595 1.225 4.62804e-11 101325 286.631
0.1605 1.225 3.50593e-11 101325 286.631
0.1615 1.225 2.66191e-11 101325 286.631
0.1625 1.225 2.01726e-11 101325 286.631
0.1635 1.225 1.52281e-11 101325 286.631
0.1645 1.225 1.14352e-11 101325 286.631
0.1655 1.225 8.55571e-12 101325 286.631
0.1665 1.225 6.36295e-12 101325 286.631
0.1675 1.225 4.70746e-12 101325 286.631
0.1685 1.225 3.46752e-12 101325 286.631
0.1695 1.225 2.53858e-12 101325 286.631
0.1705 1.225 1.84574e-12 101325 286.631
0.1715 1.225 1.33824e-12 101325 286.631
0.1725 1.225 9.59032e-13 101325 286.631
0.1735 1.225 6.75525e-13 101325 286.631
0.1745 1.225 4.72272e-13 101325 286.631
0.1755 1.225 3.31511e-13 101325 286.631
0.1765 1.225 2.25354e-13 101325 286.631
0.1775 1.225 1.45624e-13 101325 286.631
0.1785 1.225 9.53434e-14 101325 286.631
0.1795 1.225 5.4844e-14 101325 286.631
0.1805 1.225 3.20103e-14 101325 286.631
0.1815 1.225 1.28452e-14 101325 286.631
0.1825 1.225 6.47077e-15 101325 286.631
0.1835 1.225 2.44032e-34 101325 286.631
0.1845 1.225 9.72512e-35 101325 286.631
0.1855 1.225 3.85632e-35 101325 286.631
0.1865 1.225 1.52152e-35 101325 286.631
0.1875 1.225 5.97329e-36 101325 286.631
0.1885 1.225 2.33333e-36 101325 286.631
0.1895 1.225 9.06919e-37 101325 286.631
0.1905 1.225 3.50743e-37 101325 286.631
0.1915 1.225 1.3497e-37 101325 286.631
0.1925 1.225 5.16791e-38 101325 286.631
0.1935 1.225 1.96889e-38 101325 286.631
0.1945 1.225 7.46371e-39 101325 286.631
0.1955 1.225 2.81526e-39 101325 286.631
0.1965 1.225 1.0566e-39 101325 286.631
0.1975 1.225 3.94575e-40 101325 286.631
0.1985 1.225 1.46615e-40 101325 286.631
0.1995 1.225 5.42069e-41 101325 286.631
0.2005 1.225 0 101325 286.631
0.2015 1.225 0 101325 286.631
0.2025 1.225 0 101325 286.631
0.2035 1.225 0 101325 286.631
