0.0015 1.70041 -27.8711 3.08485e+06 5433.49
0.0025 1.70041 27.8711 3.08485e+06 5433.49
0.0035 1.53648 -3.09019 2.69879e+06 5282.3
0.0045 1.3797 -54.8147 2.31591e+06 5081.84
0.0055 1.2317 -110.288 1.96675e+06 4874.51
0.0065 1.10264 -156.52 1.6724e+06 4675.07
0.0075 0.997569 -185.872 1.43908e+06 4493.39
0.0085 0.916966 -193.046 1.26172e+06 4332.73
0.0095 0.86179 -173.484 1.1362e+06 4194.96
0.0105 0.828414 -131.205 1.05037e+06 4074.6
0.0115 0.811935 -73.3672 992322 3965.21
0.0125 0.807184 -6.6726 952625 3863.47
0.0135 0.811202 63.4089 924929 3764.24
0.0145 0.82406 132.987 904999 3656.84
0.0155 0.845892 199.993 890905 3536.58
0.0165 0.874211 262.242 879646 3404.71
0.0175 0.908199 317.647 868734 3258.32
0.0185 0.947301 364.361 855726 3093.9
0.0195 0.989971 402.394 839999 2917.79
0.0205 1.03522 432.64 821359 2735.75
0.0215 1.0831 454.314 799078 2548.55
0.0225 1.13232 467.032 772500 2359.23
0.0235 1.18003 471.01 740182 2170.82
0.0245 1.22532 466.334 701926 1983.44
0.0255 1.26684 454.711 657562 1797.63
0.0265 1.30557 438 610544 1619.96
0.0275 1.33853 415.065 561650 1453.61
0.0285 1.36251 385.806 510637 1298.41
0.0295 1.37725 352.498 459676 1156.47
0.0305 1.38386 316.916 410680 1028.26
0.0315 1.38401 280.488 364736 913.148
0.0325 1.37933 245.279 322914 811.227
0.0335 1.37057 212.749 286151 723.476
0.0345 1.35891 183.064 254477 648.899
0.0355 1.34563 156.415 227546 585.978
0.0365 1.33213 132.792 204925 533.061
0.0375 1.31939 112.058 186051 488.648
0.0385 1.3075 94.0677 170401 451.611
0.0395 1.29656 78.5768 157478 420.89
0.0405 1.28664 65.3458 146859 395.517
0.0415 1.27775 54.0996 138136 374.638
0.0425 1.26988 44.6007 131016 357.517
0.0435 1.26297 36.6169 125205 343.524
0.0445 1.25694 29.9303 120468 332.127
0.0455 1.25173 24.3616 116627 322.877
0.0465 1.24725 19.746 113520 315.397
0.0475 1.24343 15.9361 111015 309.371
0.0485 1.24019 12.8035 108993 304.535
0.0495 1.23744 10.2382 107368 300.668
0.0505 1.23514 8.14956 106069 297.59
0.0515 1.23322 6.45709 105035 295.15
0.0525 1.23163 5.09232 104215 293.225
0.0535 1.23032 3.99689 103567 291.711
0.0545 1.22925 3.12195 103056 290.527
0.0555 1.22837 2.42682 102657 289.606
0.0565 1.22766 1.87742 102345 288.893
0.0575 1.22709 1.44536 102102 288.342
0.0585 1.22663 1.1072 101915 287.919
0.0595 1.22627 0.843943 101771 287.596
0.0605 1.22598 0.64008 101660 287.351
0.0615 1.22575 0.483044 101576 287.166
0.0625 1.22557 0.362716 101512 287.026
0.0635 1.22544 0.271 101463 286.921
0.0645 1.22533 0.201462 101427 286.843
0.0655 1.22525 0.149016 101400 286.786
0.0665 1.22518 0.109671 101380 286.743
0.0675 1.22514 0.0803091 101365 286.712
0.0685 1.2251 0.0585133 101354 286.689
0.0695 1.22507 0.042419 101346 286.672
0.0705 1.22505 0.0305974 101340 286.66
0.0715 1.22504 0.0219597 101336 286.652
0.0725 1.22503 0.0156816 101333 286.645
0.0735 1.22502 0.0111422 101330 286.641
0.0745 1.22501 0.00787732 101329 286.638
0.0755 1.22501 0.00554127 101328 286.636
0.0765 1.22501 0.00387852 101327 286.634
0.0775 1.22501 0.00270116 101326 286.633
0.0785 1.225 0.00187182 101326 286.632
0.0795 1.225 0.00129066 101326 286.632
0.0805 1.225 0.0008855 101325 286.631
0.0815 1.225 0.000604507 101325 286.631
0.0825 1.225 0.00041063 101325 286.631
0.0835 1.225 0.000277547 101325 286.631
0.0845 1.225 0.000186665 101325 286.631
0.0855 1.225 0.000124919 101325 286.631
0.0865 1.225 8.31832e-05 101325 286.631
0.0875 1.225 5.51171e-05 101325 286.631
0.0885 1.225 3.63398e-05 101325 286.631
0.0895 1.225 2.3841e-05 101325 286.631
0.0905 1.225 1.55638e-05 101325 286.631
0.0915 1.225 1.01102e-05 101325 286.631
0.0925 1.225 6.53506e-06 101325 286.631
0.0935 1.225 4.20325e-06 101325 286.631
0.0945 1.225 2.6901e-06 101325 286.631
0.0955 1.225 1.71316e-06 101325 286.631
0.0965 1.225 1.08562e-06 101325 286.631
0.0975 1.225 6.84564e-07 101325 286.631
0.0985 1.225 4.29529e-07 101325 286.631
0.0995 1.225 2.68139e-07 101325 286.631
0.1005 1.225 1.66587e-07 101325 286.631
0.1015 1.225 1.03271e-07 101325 286.631
0.1025 1.225 6.44187e-08 101325 286.631
0.1035 1.225 4.11352e-08 101325 286.631
0.1045 1.225 2.76053e-08 101325 286.631
0.1055 1.225 1.89413e-08 101325 286.631
0.1065 1.225 1.24538e-08 101325 286.631
0.1075 1.225 7.90841e-09 101325 286.631
0.1085 1.225 4.88885e-09 101325 286.631
0.1095 1.225 2.96638e-09 101325 286.631
0.1105 1.225 1.77801e-09 101325 286.631
0.1115 1.225 1.05683e-09 101325 286.631
0.1125 1.225 6.23889e-10 101325 286.631
0.1135 1.225 3.65765e-10 101325 286.631
0.1145 1.225 2.12805e-10 101325 286.631
0.1155 1.225 1.22881e-10 101325 286.631
0.1165 1.225 7.06394e-11 101325 286.631
0.1175 1.225 4.09478e-11 101325 286.631
0.1185 1.225 2.45752e-11 101325 286.631
0.1195 1.225 1.52477e-11 101325 286.631
0.1205 1.225 9.51147e-12 101325 286.631
0.1215 1.225 5.86049e-12 101325 286.631
0.1225 1.225 3.54675e-12 101325 286.631
0.1235 1.225 2.10355e-12 101325 286.631
0.1245 1.225 1.22767e-12 101325 286.631
0.1255 1.225 7.08112e-13 101325 286.631
0.1265 1.225 4.0937e-13 101325 286.631
0.1275 1.225 2.39036e-13 101325 286.631
0.1285 1.225 1.46698e-13 101325 286.631
0.1295 1.225 7.35409e-14 101325 286.631
0.1305 1.225 4.23073e-14 101325 286.631
0.1315 1.225 1.77334e-14 101325 286.631
0.1325 1.225 7.91571e-18 101325 286.631
0.1335 1.225 4.07084e-18 101325 286.631
0.1345 1.225 2.08308e-18 101325 286.631
0.1355 1.225 1.06062e-18 101325 286.631
0.1365 1.225 5.37326e-19 101325 286.631
0.1375 1.225 2.70861e-19 101325 286.631
0.1385 1.225 1.35857e-19 101325 286.631
0.1395 1.225 6.78029e-20 101325 286.631
0.1405 1.225 3.36699e-20 101325 286.631
0.1415 1.225 1.66366e-20 101325 286.631
0.1425 1.225 8.17929e-21 101325 286.631
0.1435 1.225 4.00124e-21 101325 286.631
0.1445 1.225 1.94761e-21 101325 286.631
0.1455 1.225 9.43277e-22 101325 286.631
0.1465 1.225 4.54574e-22 101325 286.631
0.1475 1.225 2.17971e-22 101325 286.631
0.1485 1.225 1.03997e-22 101325 286.631
0.1495 1.225 4.93709e-23 101325 286.631
0.1505 1.225 2.33211e-23 101325 286.631
0.1515 1.225 1.09612e-23 101325 286.631
0.1525 1.225 5.12618e-24 101325 286.631
0.1535 1.225 2.38538e-24 101325 286.631
0.1545 1.225 1.10446e-24 101325 286.631
0.1555 1.225 5.08831e-25 101325 286.631
0.1565 1.225 2.33251e-25 101325 286.631
0.1575 1.225 1.0639e-25 101325 286.631
0.1585 1.225 4.82847e-26 101325 286.631
0.1595 1.225 2.18045e-26 101325 286.631
0.1605 1.225 9.79739e-27 101325 286.631
0.1615 1.225 4.38029e-27 101325 286.631
0.1625 1.225 1.94861e-27 101325 286.631
0.1635 1.225 8.62531e-28 101325 286.631
0.1645 1.225 3.79886e-28 101325 286.631
0.1655 1.225 1.66479e-28 101325 286.631
0.1665 1.225 7.25932e-29 101325 286.631
0.1675 1.225 3.14963e-29 101325 286.631
0.1685 1.225 1.35973e-29 101325 286.631
0.1695 1.225 5.84082e-30 101325 286.631
0.1705 1.225 2.49645e-30 101325 286.631
0.1715 1.225 1.0617e-30 101325 286.631
0.1725 1.225 4.49271e-31 101325 286.631
0.1735 1.225 1.89166e-31 101325 286.631
0.1745 1.225 7.92515e-32 101325 286.631
0.1755 1.225 3.30369e-32 101325 286.631
0.1765 1.225 1.37032e-32 101325 286.631
0.1775 1.225 5.65549e-33 101325 286.631
0.1785 1.225 2.32246e-33 101325 286.631
0.1795 1.225 9.48974e-34 101325 286.631
0.1805 1.225 3.85824e-34 101325 286.631
0.1815 1.225 1.56082e-34 101325 286.631
0.1825 1.225 6.28268e-35 101325 286.631
0.1835 1.225 2.51632e-35 101325 286.631
0.1845 1.225 1.0028e-35 101325 286.631
0.1855 1.225 3.97642e-36 101325 286.631
0.1865 1.225 1.56891e-36 101325 286.631
0.1875 1.225 6.15932e-37 101325 286.631
0.1885 1.225 2.406e-37 101325 286.631
0.1895 1.225 9.35164e-38 101325 286.631
0.1905 1.225 3.61666e-38 101325 286.631
0.1915 1.225 1.39174e-38 101325 286.631
0.1925 1.225 5.32886e-39 101325 286.631
0.1935 1.225 2.0302e-39 101325 286.631
0.1945 1.225 7.69616e-40 101325 286.631
0.1955 1.225 2.90293e-40 101325 286.631
0.1965 1.225 1.0895e-40 101325 286.631
0.1975 1.225 4.06863e-41 101325 286.631
0.1985 1.225 1.51181e-41 101325 286.631
0.1995 1.225 5.58951e-42 101325 286.631
0.2005 1.225 0 101325 286.631
0.2015 1.225 0 101325 286.631
0.2025 1.225 0 101325 286.631
0.2035 1.225 0 101325 286.631
