0.001 0.0708097 54.311 1.20641e+06 18621.9
0.0014 0.068864 115.015 1.16834e+06 18559.4
0.0018 0.0667511 154.492 1.13044e+06 18516.2
0.0022 0.0646129 189.217 1.09393e+06 18485.2
0.0026 0.0624592 222.624 1.05832e+06 18462.5
0.003 0.0603106 255.222 1.02364e+06 18448.1
0.0034 0.0582076 287.178 989952 18436.1
0.0038 0.0561715 318.523 957275 18424
0.0042 0.0542165 349.319 925690 18410.8
0.0046 0.0523494 379.769 895171 18394.8
0.005 0.0505753 409.624 865752 18375
0.0054 0.0488928 438.966 837432 18351.1
0.0058 0.0473003 467.929 810238 18323.5
0.0062 0.0457982 496.145 784115 18291.9
0.0066 0.0443791 523.614 759025 18256.1
0.007 0.0430429 550.546 735079 18216.6
0.0074 0.041791 576.556 712230 18173.2
0.0078 0.0406132 601.575 690381 18126.4
0.0082 0.0395128 625.95 669622 18075.8
0.0086 0.0384876 648.846 649914 18022
0.009 0.0375314 671.029 631181 17965.2
0.0094 0.0366459 691.804 613513 17905.3
0.0098 0.0358249 711.45 596766 17842.8
0.0102 0.0350692 729.681 580988 17778.3
0.0106 0.0343775 746.506 566130 17710.7
0.011 0.0337503 762.027 552177 17640
0.0114 0.0331891 776.148 539102 17565.8
0.0118 0.0326943 788.583 526887 17487.5
0.0122 0.0322598 799.468 515440 17406.4
0.0126 0.031877 809.099 504780 17324.2
0.013 0.0315372 817.171 494916 17242.5
0.0134 0.0312406 823.406 485713 17161.6
0.0138 0.0310041 828.259 477263 17077
0.0142 0.0308511 831.759 469420 16983.4
0.0146 0.030789 833.846 462165 16878.4
0.015 0.0307878 834.688 455484 16769.1
0.0154 0.0308237 834.351 449406 16661.7
0.0158 0.0309057 832.695 443867 16553.4
0.0162 0.0310392 830.025 438831 16443.3
0.0166 0.0312276 826.016 434266 16330.5
0.017 0.0314672 820.831 430153 16215.3
0.0174 0.0317629 815.057 426430 16096.8
0.0178 0.0321188 808.499 423171 15975.2
0.0182 0.0325273 801.141 420197 15850.5
0.0186 0.0329895 793.186 417561 15722.5
0.019 0.0335099 784.816 415234 15590.8
0.0194 0.0340901 776.313 413217 15455.6
0.0198 0.034724 767.257 411436 15316.8
0.0202 0.0354128 757.78 409869 15174
0.0206 0.0361602 748.277 408522 15027
0.021 0.0369681 738.959 407413 14875.8
0.0214 0.0378309 729.252 406496 14720.7
0.0218 0.0387424 719.202 405700 14561.5
0.0222 0.0397103 709.578 405039 14397.3
0.0226 0.0407405 700.376 404614 14228.3
0.023 0.0418058 690.601 404216 14055.5
0.0234 0.0429097 681.084 403898 13878.6
0.0238 0.0440704 671.996 403764 13696.8
0.0242 0.0452605 663.157 403653 13511.1
0.0246 0.0464747 654.275 403683 13324.4
0.025 0.047718 645.377 403675 13132.4
0.0254 0.0489778 636.831 403791 12940.2
0.0258 0.0502466 628.271 403903 12746.6
0.0262 0.0515198 620.139 404035 12552.8
0.0266 0.052794 612.476 404264 12361.1
0.027 0.0540691 604.794 404411 12168.3
0.0274 0.0553589 597.069 404595 11975.1
0.0278 0.056672 589.35 404880 11782.1
0.0282 0.057993 581.506 405148 11589.7
0.0286 0.0593171 573.58 405271 11396.8
0.029 0.0606595 565.824 405408 11205.1
0.0294 0.0620328 558.362 405625 11014.9
0.0298 0.0634207 550.859 405824 10827.3
0.0302 0.0648134 543.173 405919 10642.6
0.0306 0.0662275 535.449 405913 10460.5
0.031 0.0676633 527.958 405920 10283.4
0.0314 0.0691236 521.062 405936 10111.7
0.0318 0.0706128 514.337 405881 9944.3
0.0322 0.0721117 507.147 405694 9782.74
0.0326 0.0736221 499.903 405472 9629.12
0.033 0.07517 493.204 405216 9481.48
0.0334 0.0767957 486.976 404955 9337.88
0.0338 0.078406 480.179 404576 9203.66
0.0342 0.0799166 472.821 404058 9083.9
0.0346 0.0813339 465.002 403381 8976.12
0.035 0.0826767 456.86 402678 8879.17
0.0354 0.0839687 448.885 401926 8789.92
0.0358 0.0852338 441.048 401051 8706.03
0.0362 0.0864641 433.118 400078 8627.02
0.0366 0.0876397 424.946 399021 8553.24
0.037 0.0887478 416.466 397866 8484.42
0.0374 0.0897798 407.573 396574 8421.2
0.0378 0.0907269 398.216 395154 8362.29
0.0382 0.0915839 388.31 393578 8307.63
0.0386 0.0923414 377.782 391836 8256.75
0.039 0.0929912 366.495 389899 8209.69
0.0394 0.0935268 354.25 387760 8165.68
0.0398 0.0939325 340.917 385342 8124.88
0.0402 0.0941908 325.854 382534 8086.38
0.0406 0.0943032 307.914 379193 8048.25
0.041 0.0942234 285.608 374941 8008.18
0.0414 0.0937512 256.068 369210 7967.4
0.0418 0.0925924 213.939 360976 7926.45
0.0422 0.0904697 151.346 348968 7880.44
0.0426 0.0868071 52.8903 330484 7821.18
0.043 0.0819197 -77.3906 307311 7752.09
0.0434 0.0784099 -175.904 290736 7698.71
0.0438 0.0766531 -229.72 281879 7663.4
0.0442 0.0759456 -254.526 277644 7640.73
0.0446 0.0757546 -264.225 275792 7625.69
0.045 0.0758071 -267.004 275032 7614.08
0.0454 0.0760295 -266.334 274857 7602.71
0.0458 0.0763448 -263.073 275026 7591.76
0.0462 0.0766792 -258.43 275385 7582.58
0.0466 0.0769836 -254.246 275706 7574.33
0.047 0.0772596 -250.727 275925 7565.95
0.0474 0.0775155 -247.62 276077 7557.54
0.0478 0.0777605 -244.634 276227 7549.54
0.0482 0.0780016 -241.551 276391 7541.94
0.0486 0.0782446 -238.351 276565 7534.6
0.049 0.0784899 -235.076 276760 7527.43
0.0494 0.0787343 -231.743 276972 7520.46
0.0498 0.0789771 -228.345 277198 7513.74
0.0502 0.0792192 -224.841 277445 7507.28
0.0506 0.079463 -221.154 277718 7501.13
0.051 0.0797152 -217.295 278010 7495.08
0.0514 0.0799778 -213.313 278336 7489.04
0.0518 0.0802451 -209.179 278693 7483.16
0.0522 0.0805146 -204.851 279083 7477.55
0.0526 0.0807894 -200.334 279509 7472.14
0.053 0.0810748 -195.633 279958 7466.81
0.0534 0.0813718 -190.791 280444 7461.55
0.0538 0.0816763 -185.763 280965 7456.39
0.0542 0.0819868 -180.546 281517 7451.36
0.0546 0.0823052 -175.161 282106 7446.43
0.055 0.0826354 -169.623 282713 7441.52
0.0554 0.082977 -163.97 283356 7436.65
0.0558 0.0833259 -158.159 284028 7431.83
0.0562 0.0836816 -152.183 284733 7427.04
0.0566 0.0840487 -146.004 285468 7422.28
0.057 0.0844308 -139.711 286233 7417.52
0.0574 0.0848222 -133.283 287033 7412.78
0.0578 0.0852201 -126.722 287854 7408.03
0.0582 0.0856272 -120.017 288693 7403.24
0.0586 0.086047 -113.282 289548 7398.4
0.059 0.0864746 -106.424 290435 7393.52
0.0594 0.0869107 -99.379 291352 7388.62
0.0598 0.0873593 -92.1908 292284 7383.67
0.0602 0.0878219 -84.974 293238 7378.58
0.0606 0.0882919 -77.7865 294206 7373.36
0.061 0.0887621 -70.5835 295178 7368.18
0.0614 0.0892403 -63.4131 296139 7362.82
0.0618 0.0897301 -56.213 297132 7357.35
0.0622 0.0902313 -48.86 298155 7351.79
0.0626 0.0907483 -41.3675 299188 7346.08
0.063 0.091282 -33.8379 300256 7340.27
0.0634 0.0918242 -26.2923 301349 7334.37
0.0638 0.0923725 -18.6951 302433 7328.28
0.0642 0.0929329 -11.1927 303523 7321.98
0.0646 0.0935024 -3.75106 304633 7315.56
0.065 0.0940798 3.75864 305735 7309
0.0654 0.0946712 11.2238 306848 7302.25
0.0658 0.0952737 18.7025 307991 7295.32
0.0662 0.095889 26.2994 309131 7288.13
0.0666 0.0965239 33.8747 310293 7280.69
0.067 0.0971695 41.4419 311484 7273.2
0.0674 0.0978223 48.9958 312639 7265.42
0.0678 0.0984869 56.4142 313811 7257.41
0.0682 0.0991615 63.8531 315002 7249.21
0.0686 0.0998533 71.3285 316167 7240.58
0.069 0.100563 78.7585 317376 7231.85
0.0694 0.101284 86.2774 318579 7222.89
0.0698 0.102022 93.7073 319782 7213.58
0.0702 0.102771 101.102 321018 7204.11
0.0706 0.103535 108.502 322209 7194.11
0.071 0.104317 115.804 323441 7184.03
0.0714 0.105112 123.166 324666 7173.69
0.0718 0.105927 130.428 325893 7163.01
0.0722 0.106756 137.687 327152 7152.07
0.0726 0.107603 144.921 328371 7140.57
0.073 0.108467 152.07 329639 7129.09
0.0734 0.109346 159.234 330870 7117.13
0.0738 0.110245 166.297 332135 7105.09
0.0742 0.111158 173.395 333387 7092.48
0.0746 0.11209 180.369 334644 7079.6
0.075 0.113039 187.392 335918 7066.57
0.0754 0.114007 194.338 337175 7053.14
0.0758 0.114989 201.246 338465 7039.76
0.0762 0.115991 208.112 339712 7025.54
0.0766 0.117007 214.897 341012 7011.44
0.077 0.118041 221.632 342244 6996.61
0.0774 0.119094 228.316 343547 6982.02
0.0778 0.120162 234.959 344792 6966.8
0.0782 0.121248 241.556 346097 6951.68
0.0786 0.122349 248.121 347344 6935.76
0.079 0.123466 254.595 348638 6920.01
0.0794 0.124605 261.038 349882 6903.52
0.0798 0.125769 267.406 351183 6887.09
0.0802 0.126958 273.761 352436 6869.82
0.0806 0.128172 280.046 353741 6852.3
0.081 0.129406 286.26 354980 6833.96
0.0814 0.130658 292.391 356284 6815.94
0.0818 0.131928 298.45 357512 6797.04
0.0822 0.133217 304.488 358814 6778.56
0.0826 0.13453 310.467 360049 6758.94
0.083 0.135864 316.409 361334 6739.3
0.0834 0.137223 322.204 362563 6718.81
0.0838 0.138603 327.975 363812 6698.2
0.0842 0.140012 333.62 365044 6676.97
0.0846 0.141447 339.307 366281 6655.4
0.085 0.14291 344.887 367529 6633.15
0.0854 0.144394 350.406 368731 6610.18
0.0858 0.145895 355.787 369974 6587.39
0.0862 0.147417 361.059 371129 6563.49
0.0866 0.148965 366.3 372355 6539.89
0.087 0.150545 371.453 373532 6515.29
0.0874 0.152155 376.622 374727 6490.04
0.0878 0.153794 381.583 375904 6464.12
0.0882 0.155455 386.434 377025 6437.35
0.0886 0.157142 391.157 378194 6410.66
0.089 0.158862 395.808 379268 6382.48
0.0894 0.160614 400.453 380412 6354.46
0.0898 0.1624 404.954 381520 6325.38
0.0902 0.164209 409.329 382575 6295.21
0.0906 0.166037 413.505 383645 6264.93
0.091 0.167893 417.538 384598 6233.03
0.0914 0.169781 421.525 385612 6201.22
0.0918 0.171701 425.337 386588 6168.48
0.0922 0.173638 429.065 387505 6134.93
0.0926 0.175593 432.584 388454 6101.5
0.093 0.177568 435.911 389248 6065.94
0.0934 0.179561 439.2 390093 6030.59
0.0938 0.181604 442.408 390945 5994.4
0.0942 0.183685 445.56 391753 5957.13
0.0946 0.185728 448.295 392570 5920.94
0.095 0.187685 450.275 393120 5884.01
0.0954 0.189503 451.079 393392 5847.25
0.0958 0.191108 450.067 392992 5807.96
0.0962 0.192425 447.43 391843 5766.73
0.0966 0.193451 442.577 389929 5723.5
0.097 0.194036 433.985 387165 5680
0.0974 0.194158 419.784 383008 5630.46
0.0978 0.193491 397.676 376483 5570.24
0.0982 0.191261 364.348 366615 5504.1
0.0986 0.186645 313.153 351916 5430.01
0.099 0.179531 243.324 332564 5349.68
0.0994 0.173075 178.536 315318 5274.39
0.0998 0.169584 137.628 304635 5211.58
0.1002 0.168147 114.932 298584 5160.97
0.1006 0.167852 103.798 295395 5122.09
0.101 0.168304 99.1831 293794 5087.07
0.1014 0.169522 97.679 293170 5047.23
0.1018 0.171122 98.0832 292982 5005.02
0.1022 0.172754 100.745 293151 4967.53
0.1026 0.174423 104.814 293555 4933.44
0.103 0.176228 109.322 294237 4900.47
0.1034 0.178074 113.833 294979 4868.2
0.1038 0.179865 118.038 295620 4836.41
0.1042 0.18164 121.963 296220 4804.88
0.1046 0.183415 125.837 296785 4773.81
0.105 0.185203 129.647 297377 4743.12
0.1054 0.187017 133.496 297951 4712.75
0.1058 0.188873 137.434 298595 4682.57
0.1062 0.190783 141.53 299246 4652.72
0.1066 0.192753 145.8 299988 4622.9
0.107 0.194783 150.202 300742 4593.44
0.1074 0.196856 154.735 301554 4564.25
0.1078 0.198955 159.276 302369 4535.58
0.1082 0.201064 163.771 303176 4507.44
0.1086 0.203178 168.177 303995 4479.79
0.109 0.2053 172.545 304787 4452.92
0.1094 0.207441 176.917 305614 4426.19
0.1098 0.209618 181.323 306428 4400.13
0.1102 0.211833 185.807 307290 4374.22
0.1106 0.214083 190.365 308182 4349.14
0.111 0.216365 195.04 309115 4324.64
0.1114 0.218681 199.805 310091 4300.51
0.1118 0.221037 204.628 311067 4276.85
0.1122 0.223422 209.427 312071 4253.19
0.1126 0.225818 214.157 313051 4230.29
0.113 0.228213 218.864 314056 4207.99
0.1134 0.230623 223.581 315068 4186.25
0.1138 0.233074 228.348 316094 4164.68
0.1142 0.235573 233.149 317155 4143.13
0.1146 0.238107 237.986 318213 4122.06
0.115 0.240668 242.846 319305 4101.07
0.1154 0.243258 247.728 320410 4080.8
0.1158 0.245888 252.684 321545 4060.58
0.1162 0.248567 257.656 322699 4040.43
0.1166 0.251285 262.623 323850 4020.45
0.117 0.254025 267.549 325021 4000.52
0.1174 0.256787 272.427 326170 3981.06
0.1178 0.259581 277.338 327356 3961.68
0.1182 0.26243 282.291 328554 3942.36
0.1186 0.265337 287.287 329767 3922.99
0.119 0.268286 292.284 331006 3903.63
0.1194 0.271263 297.253 332221 3884.5
0.1198 0.274268 302.225 333477 3865.53
0.1202 0.277319 307.224 334734 3846.6
0.1206 0.280427 312.265 336006 3827.59
0.121 0.283587 317.314 337307 3808.56
0.1214 0.28678 322.336 338579 3789.6
0.1218 0.289999 327.337 339885 3770.73
0.1222 0.29326 332.321 341194 3751.89
0.1226 0.296578 337.313 342516 3733
0.123 0.29995 342.315 343884 3714.18
0.1234 0.303353 347.315 345220 3695.38
0.1238 0.306772 352.328 346581 3676.69
0.1242 0.310218 357.331 347937 3658.02
0.1246 0.313713 362.336 349286 3639.22
0.125 0.317267 367.345 350682 3620.48
0.1254 0.320877 372.331 352059 3601.59
0.1258 0.324535 377.313 353471 3582.6
0.1262 0.328252 382.253 354899 3563.5
0.1266 0.332041 387.179 356302 3544.01
0.127 0.335909 392.114 357744 3524.4
0.1274 0.339859 397.033 359176 3504.43
0.1278 0.343892 401.944 360610 3483.93
0.1282 0.348017 406.834 362084 3463.22
0.1286 0.352245 411.687 363525 3441.9
0.129 0.356569 416.515 364987 3420.3
0.1294 0.360983 421.308 366490 3398.59
0.1298 0.365495 426.081 367947 3376.01
0.1302 0.370103 430.839 369435 3353.26
0.1306 0.374795 435.544 370959 3330.46
0.131 0.379578 440.207 372449 3307.2
0.1314 0.384457 444.846 373962 3283.76
0.1318 0.389421 449.435 375501 3260.01
0.1322 0.394488 453.971 377034 3235.93
0.1326 0.399663 458.455 378548 3211.44
0.133 0.404937 462.911 380099 3186.89
0.1334 0.410334 467.321 381687 3162.07
0.1338 0.415864 471.648 383193 3136.26
0.1342 0.421518 475.902 384747 3110.4
0.1346 0.427276 480.086 386344 3084.59
0.135 0.433138 484.23 387947 3058.66
0.1354 0.439108 488.337 389485 3032.13
0.1358 0.445192 492.383 391061 3005.57
0.1362 0.451382 496.331 392743 2979.57
0.1366 0.457723 500.157 394555 2954.16
0.137 0.464325 504.074 396509 2928.86
0.1374 0.471702 507.41 399123 2904.01
0.1378 0.480744 507.164 403409 2881.71
0.1382 0.492165 500.015 410005 2862.21
0.1386 0.506327 485.792 419034 2844.78
0.139 0.525184 462.371 432271 2830.34
0.1394 0.552414 422.392 453381 2822.91
0.1398 0.59277 358.71 486983 2825.99
0.1402 0.649537 269.358 536484 2841.05
0.1406 0.729041 158.779 608525 2870.44
0.141 0.809603 54.4576 678532 2882.32
0.1414 0.855482 -30.6996 710352 2857.29
0.1418 0.869896 -94.8158 713798 2825.2
0.1422 0.870297 -140.837 703784 2785.85
0.1426 0.86851 -172.742 686726 2726.11
0.143 0.868095 -193.942 671779 2669.76
0.1434 0.871493 -204.526 663964 2629.43
0.1438 0.880443 -206.979 661373 2593.51
0.1442 0.89462 -204.632 662046 2555.81
0.1446 0.912003 -199.604 664082 2515.63
0.145 0.929516 -192.766 666351 2477.36
0.1454 0.946201 -184.806 668543 2442.24
0.1458 0.962972 -176.275 670942 2408.79
0.1462 0.980091 -167.819 673738 2376.98
0.1466 0.997618 -159.78 676792 2346.14
0.147 1.01555 -152.202 680021 2316.02
0.1474 1.03392 -145.07 683441 2286.6
0.1478 1.05272 -138.329 687092 2258.01
0.1482 1.07197 -131.881 690950 2230.12
0.1486 1.09171 -125.64 695072 2203.06
0.149 1.11196 -119.552 699458 2176.79
0.1494 1.13269 -113.577 704051 2151.14
0.1498 1.15386 -107.67 708838 2126.19
0.1502 1.17539 -101.777 713768 2101.91
0.1506 1.19719 -95.8619 718743 2078.12
0.151 1.21923 -89.9113 723767 2054.94
0.1514 1.24149 -83.894 728806 2032.27
0.1518 1.26395 -77.7764 733742 2009.78
0.1522 1.28665 -71.5573 738587 1987.47
0.1526 1.3096 -65.2341 743353 1965.35
0.153 1.33286 -58.8105 748034 1943.3
0.1534 1.3565 -52.3007 752694 1921.43
0.1538 1.38054 -45.7102 757346 1899.72
0.1542 1.40502 -39.0484 761960 1878.06
0.1546 1.42996 -32.3303 766575 1856.55
0.155 1.45535 -25.5591 771189 1835.19
0.1554 1.48118 -18.7379 775775 1813.97
0.1558 1.50738 -11.878 780339 1792.97
0.1562 1.53389 -4.98228 784876 1772.27
0.1566 1.56066 1.95234 789372 1751.88
0.157 1.58764 8.91933 793816 1731.82
0.1574 1.61481 15.9145 798233 1712.17
0.1578 1.64212 22.9417 802623 1692.95
0.1582 1.66957 29.9985 806971 1674.12
0.1586 1.69713 37.0763 811242 1655.7
0.159 1.72481 44.1752 815478 1637.72
0.1594 1.75259 51.2984 819690 1620.14
0.1598 1.7805 58.4423 823853 1602.87
0.1602 1.8086 65.604 827996 1585.91
0.1606 1.83695 72.7842 832106 1569.17
0.161 1.86562 79.9891 836170 1552.55
0.1614 1.89473 87.218 840081 1535.91
0.1618 1.92434 94.4689 843915 1519.24
0.1622 1.95452 101.753 847682 1502.49
0.1626 1.98532 109.089 851373 1485.64
0.163 2.01677 116.471 854960 1468.62
0.1634 2.04887 123.906 858433 1451.45
0.1638 2.08157 131.401 861757 1434.16
0.1642 2.1148 138.973 864857 1416.77
0.1646 2.14853 146.632 867790 1399.31
0.165 2.18269 154.383 870534 1381.79
0.1654 2.21722 162.238 873080 1364.25
0.1658 2.25209 170.201 875442 1346.74
0.1662 2.28736 178.289 877635 1329.26
0.1666 2.32307 186.503 879606 1311.78
0.167 2.35931 194.838 881365 1294.27
0.1674 2.39594 203.304 882962 1276.83
0.1678 2.4322 211.929 884373 1259.81
0.1682 2.46756 220.789 885514 1243.32
0.1686 2.50192 229.564 886273 1227.27
0.169 2.53454 237.897 886264 1211.54
0.1694 2.5654 245.926 885667 1196.15
0.1698 2.59476 253.723 884599 1181.15
0.1702 2.62272 261.3 882832 1166.3
0.1706 2.64906 268.544 880321 1151.34
0.171 2.67325 275.312 876524 1136.08
0.1714 2.69473 281.451 871467 1120.45
0.1718 2.71284 286.818 864604 1104.28
0.1722 2.72699 291.301 855845 1087.43
0.1726 2.73697 294.81 844963 1069.67
0.173 2.74287 297.273 831821 1050.74
0.1734 2.74519 298.745 816474 1030.48
0.1738 2.74491 299.424 798835 1008.32
0.1742 2.7418 299.468 779997 985.687
0.1746 2.73384 299.569 762081 965.887
0.175 2.72412 300.192 745727 948.554
0.1754 2.71717 301.139 730643 931.744
0.1758 2.71283 302.597 716753 915.489
0.1762 2.71083 305.093 704295 900.238
0.1766 2.71141 309.054 693548 886.316
0.177 2.71665 314.609 684675 873.3
0.1774 2.72976 321.549 677613 860.142
0.1778 2.75217 329.58 672111 846.174
0.1782 2.78316 338.369 667662 831.25
0.1786 2.82059 347.572 663883 815.587
0.179 2.86142 356.98 660374 799.68
0.1794 2.90222 366.29 657290 784.719
0.1798 2.94173 375.252 654763 771.254
0.1802 2.98102 383.954 652791 758.808
0.1806 3.02063 392.442 651230 747.036
0.181 3.06127 400.746 649889 735.601
0.1814 3.10387 408.829 648791 724.31
0.1818 3.14992 416.146 648442 713.338
0.1822 3.19613 422.691 648725 703.313
0.1826 3.23949 428.953 649353 694.549
0.183 3.28143 434.826 650288 686.701
0.1834 3.32276 440.271 651700 679.626
0.1838 3.36393 445.291 653625 673.25
0.1842 3.40518 449.959 655938 667.495
0.1846 3.44698 454.329 658820 662.292
0.185 3.49028 458.352 662407 657.597
0.1854 3.53648 461.917 666846 653.398
0.1858 3.58714 464.853 672600 649.735
0.1862 3.64347 467.218 679663 646.398
0.1866 3.7069 468.69 688331 643.434
0.187 3.76806 469.761 698061 641.921
0.1874 3.81814 471.425 707699 642.256
0.1878 3.85837 473.385 716937 643.878
0.1882 3.88953 475.478 726231 646.976
0.1886 3.91243 477.645 735681 651.557
0.189 3.92799 479.819 745416 657.586
0.1894 3.93707 481.952 755620 665.053
0.1898 3.94073 483.992 766686 674.165
0.1902 3.94092 485.739 778602 684.608
0.1906 3.93704 487.076 789899 695.224
0.191 3.92512 488.555 799606 705.899
0.1914 3.90272 490.547 808512 717.806
0.1918 3.86836 492.779 817309 732.117
0.1922 3.8207 495.021 826696 749.728
0.1926 3.75811 497.151 836733 771.44
0.193 3.67857 499.156 847011 797.834
0.1934 3.57978 501.059 857196 829.725
0.1938 3.45942 502.872 867099 868.515
0.1942 3.31542 504.629 876625 916.154
0.1946 3.14571 506.404 885674 975.56
0.195 2.9504 508.307 894246 1050.15
0.1954 2.72548 510.692 901851 1146.51
0.1958 2.48413 513.536 908328 1266.88
0.1962 2.26457 516.297 913584 1397.67
0.1966 2.08231 518.907 918073 1527.24
0.197 1.93235 521.445 921933 1652.56
0.1974 1.81099 524.033 925415 1769.87
0.1978 1.71489 526.682 928981 1876
0.1982 1.64038 529.362 932740 1968.73
0.1986 1.58336 531.854 936302 2047.16
0.199 1.54006 534.101 939797 2112.32
0.1994 1.5081 536.332 943463 2165.22
0.1998 1.48659 538.853 948193 2207.23
0.2002 1.47508 541.604 953794 2237.4
0.2006 1.47133 543.607 957396 2251.41
0.201 1.47241 543.866 957182 2249.29
0.2014 -nan -nan -nan -nan
