0.00333333 0.0802347 -40.5981 1.40063e+06 18958.5
0.00466667 0.0712442 41.6306 1.22594e+06 18718.6
0.006 0.0625251 67.9997 1.0644e+06 18506.1
0.00733333 0.0553534 90.5616 925458 18240.5
0.00866667 0.0496039 114.602 806802 17909.5
0.01 0.045142 139.626 706926 17517.9
0.0113333 0.0418266 164.91 624043 17075.7
0.0126667 0.0395707 188.171 556305 16589.9
0.014 0.0383137 207.825 501629 16062.2
0.0153333 0.0378828 223.239 457834 15508.3
0.0166667 0.037947 232.68 422836 14965.7
0.018 0.0383594 231.28 394804 14438.8
0.0193333 0.0391265 218.142 371941 13902.2
0.0206667 0.0403212 195.602 353446 13333.3
0.022 0.04175 164.643 337766 12736.2
0.0233333 0.0430315 120.58 322932 12138.2
0.0246667 0.0438213 46.2341 306598 11550
0.026 0.0439757 -82.8856 285486 10901.8
0.0273333 0.0432079 -260.681 259197 10224.1
0.0286667 0.0429897 -372.771 241780 9703.18
0.03 0.0443525 -412.961 232583 9197.99
0.0313333 0.0466796 -417.151 227712 8754.56
0.0326667 0.0491273 -403.81 226218 8456.43
0.034 0.0514723 -382.288 226258 8247.92
0.0353333 0.0537016 -359.853 226956 8087.97
0.0366667 0.0557605 -339.407 227672 7958.19
0.038 0.0577061 -321.127 228389 7847.91
0.0393333 0.0595572 -303.596 229368 7756.07
0.0406667 0.0613591 -284.012 230794 7679.79
0.042 0.0631627 -261.385 232626 7614.7
0.0433333 0.064981 -236.802 234887 7558.53
0.0446667 0.066799 -210.539 237514 7510.86
0.046 0.0686342 -182.517 240557 7470.37
0.0473333 0.0705068 -152.974 243918 7434.89
0.0486667 0.0724097 -122.681 247565 7403.4
0.05 0.0743298 -92.0262 251373 7375.15
0.0513333 0.0762683 -61.2185 255376 7349.77
0.0526667 0.0782198 -30.626 259491 7326.57
0.054 0.0801902 -0.232481 263700 7304.98
0.0553333 0.082178 29.5391 267992 7284.62
0.0566667 0.0841756 58.5854 272278 7264.79
0.058 0.086197 87.0491 276580 7245.2
0.0593333 0.088245 114.624 280900 7225.69
0.0606667 0.0903319 141.391 285239 7205.9
0.062 0.0924613 167.366 289536 7185.34
0.0633333 0.0946218 192.368 293803 7164.02
0.0646667 0.0968222 216.21 298018 7141.74
0.066 0.0990857 239.04 302183 7117.9
0.0673333 0.101435 260.999 306226 7091.21
0.0686667 0.103908 282.061 310239 7061.43
0.07 0.106488 301.605 314127 7028.39
0.0713333 0.109132 319.438 317748 6991.88
0.0726667 0.111778 335.367 321084 6953.57
0.074 0.114372 349.138 324081 6914.19
0.0753333 0.116869 359.698 326504 6872.54
0.0766667 0.119133 364.83 327755 6825.79
0.078 0.120968 364.226 327133 6771.77
0.0793333 0.122312 356.684 324653 6711.24
0.0806667 0.123045 337.263 320114 6644.19
0.082 0.122875 300.298 312158 6561.85
0.0833333 0.120928 235.909 298519 6458.23
0.0846667 0.116499 143.662 279503 6350.35
0.086 0.112588 64.2454 263667 6257.28
0.0873333 0.111205 22.408 254882 6176.09
0.0886667 0.111297 4.83238 250440 6107.34
0.09 0.11261 -0.261823 248704 6037.91
0.0913333 0.114895 2.86701 248613 5961.16
0.0926667 0.117685 13.7307 249563 5884.18
0.094 0.120919 30.3905 251449 5808.45
0.0953333 0.124601 49.4585 253826 5727.1
0.0966667 0.128585 68.6689 256439 5641.68
0.098 0.132733 87.1535 259049 5552.92
0.0993333 0.137033 104.623 261633 5461.69
0.100667 0.141568 121.296 264207 5365.76
0.102 0.146411 137.456 266834 5265.12
0.103333 0.151598 153.658 269566 5160.38
0.104667 0.157116 170.144 272489 5054.89
0.106 0.162951 186.958 275599 4949.93
0.107333 0.1691 203.961 278916 4847.13
0.108667 0.175573 220.97 282390 4746.44
0.11 0.182377 237.963 285948 4647.91
0.111333 0.189513 254.837 289519 4551.36
0.112667 0.196971 271.442 293136 4458.43
0.114 0.204753 287.811 296847 4369.81
0.115333 0.21288 304.124 300712 4285.93
0.116667 0.221425 320.58 304831 4206.81
0.118 0.230436 337.303 309203 4131.31
0.119333 0.240036 354.866 313808 4057.58
0.120667 0.250353 372.056 318675 3984.84
0.122 0.260482 386.083 323062 3915.74
0.123333 0.269663 395.911 326552 3853.2
0.124667 0.277903 401.45 328925 3793.81
0.126 0.284931 401.563 329194 3731.13
0.127333 0.290498 396.822 326625 3660.31
0.128667 0.294644 386.572 321625 3582.63
0.13 0.296829 367.567 314452 3503.67
0.131333 0.297036 334.809 304647 3417.39
0.132667 0.294806 296.431 293022 3333
0.134 0.292966 270.112 284218 3267.71
0.135333 0.293928 256.065 279229 3211.12
0.136667 0.298184 248.65 277323 3154.13
0.138 0.305347 245.353 277639 3093.38
0.139333 0.314109 248.243 279302 3033.51
0.140667 0.324269 257.545 282267 2976.4
0.142 0.336401 270.377 286376 2916.82
0.143333 0.35055 283.806 291490 2854.4
0.144667 0.365905 296.83 297302 2793.33
0.146 0.381656 309.437 303301 2735.35
0.147333 0.397699 321.375 309142 2678.38
0.148667 0.414575 332.205 314912 2619.65
0.15 0.43278 341.83 320734 2557.73
0.151333 0.452433 350.655 326561 2492.84
0.152667 0.473492 359.143 332561 2427.09
0.154 0.496021 367.744 338940 2362.39
0.155333 0.520241 376.733 345852 2299.15
0.156667 0.546589 386.18 353368 2236.65
0.158 0.575147 396.994 361666 2176.01
0.159333 0.607253 407.522 370426 2111.33
0.160667 0.639798 413.949 377569 2042.89
0.162 0.668759 416.058 382225 1978.95
0.163333 0.694871 414.537 385043 1918.85
0.164667 0.718567 410.257 386410 1862.33
0.166 0.740048 403.74 385791 1805.42
0.167333 0.759722 395.347 382347 1743.2
0.168667 0.77785 384.959 376969 1678.75
0.17 0.794686 373.959 372031 1621.7
0.171333 0.811549 364.864 368780 1574.13
0.172667 0.829927 358.126 366944 1531.69
0.174 0.851155 354.203 366384 1491.31
0.175333 0.876236 353.814 366849 1450.41
0.176667 0.905702 356.326 368363 1409.06
0.178 0.939371 360.883 371734 1371.02
0.179333 0.976687 367.359 377259 1338.21
0.180667 1.01748 376.007 384570 1309.52
0.182 1.06244 386.759 393269 1282.53
0.183333 1.11256 398.963 403084 1255.24
0.184667 1.16814 411.704 413638 1226.9
0.186 1.22847 424.335 424704 1197.88
0.187333 1.29232 436.534 435919 1168.73
0.188667 1.35876 448.214 446925 1139.65
0.19 1.42774 459.37 457616 1110.59
0.191333 1.49993 470.039 468141 1081.43
0.192667 1.57632 480.337 478547 1051.87
0.194 1.65792 490.415 488887 1021.76
0.195333 1.74595 500.497 499115 990.559
0.196667 1.84222 510.485 508876 957.149
0.198 1.95115 520.376 518051 920.022
0.199333 2.0768 528.549 526942 879.165
0.200667 2.18644 533.728 534024 846.334
0.202 2.23818 536.47 537818 832.604
0.203333 2.23818 536.47 537818 832.604
0.204667 2.18644 533.728 534024 846.334
