0.0015 0.0601375 5.62856 617020 14672.4
0.0025 0.0601375 -5.62856 617020 14672.4
0.0035 0.0608782 29.1349 624920 14683
0.0045 0.0617163 56.7817 631893 14672.1
0.0055 0.062739 78.473 637960 14631.6
0.0065 0.063992 95.8479 643379 14560.2
0.0075 0.0654842 110.231 648123 14458
0.0085 0.0672108 122.479 652146 14324.1
0.0095 0.0691749 132.363 655473 14160.2
0.0105 0.0713253 140.484 658248 13973
0.0115 0.0736113 147.363 660243 13764.4
0.0125 0.0760754 153.075 661697 13532
0.0135 0.0785973 157.612 662562 13287.5
0.0145 0.0810295 161.089 662805 13044.8
0.0155 0.0834173 163.821 662516 12800.5
0.0165 0.0857866 165.981 661807 12553.4
0.0175 0.0881514 168.031 660583 12301.2
0.0185 0.0905577 169.905 659068 12042.7
0.0195 0.0930597 171.479 657132 11772.6
0.0205 0.0957218 172.965 655112 11491.4
0.0215 0.0985554 174.715 652735 11198.1
0.0225 0.101539 176.475 650267 10902.2
0.0235 0.104595 178.587 647664 10613.3
0.0245 0.107676 181.19 644957 10340.8
0.0255 0.110781 184.622 642299 10086.3
0.0265 0.11395 188.781 639664 9850.4
0.0275 0.117209 193.695 637164 9630.62
0.0285 0.12059 199.356 634815 9427.85
0.0295 0.124103 205.517 632769 9241.23
0.0305 0.127714 212.058 631083 9072.06
0.0315 0.131339 220.126 629523 8919.11
0.0325 0.135002 229.732 628090 8779.29
0.0335 0.138726 240.368 626890 8650.82
0.0345 0.142453 251.913 625988 8534.31
0.0355 0.146147 264.238 625399 8428.59
0.0365 0.149828 277.424 625051 8332.09
0.0375 0.153519 291.52 625011 8242.53
0.0385 0.157237 306.233 625226 8158.54
0.0395 0.16103 321.74 625692 8079
0.0405 0.164921 337.826 626390 8002.27
0.0415 0.168941 354.224 627282 7927.26
0.0425 0.173154 371.361 628414 7853.26
0.0435 0.177536 388.69 629628 7779.49
0.0445 0.182125 406.389 631102 7706
0.0455 0.186917 424.457 632659 7632.42
0.0465 0.191872 442.529 634332 7559
0.0475 0.197013 460.908 636183 7485.75
0.0485 0.202276 479.216 638012 7412.47
0.0495 0.207692 497.555 639998 7339.46
0.0505 0.213246 515.962 641915 7265.82
0.0515 0.218973 534.269 643995 7191.9
0.0525 0.224872 552.476 645953 7116.33
0.0535 0.230973 570.388 647932 7039.08
0.0545 0.237354 588.241 649895 6958.67
0.0555 0.243989 605.796 651784 6875.19
0.0565 0.25091 623.023 653653 6788.47
0.0575 0.258022 639.715 655302 6698.52
0.0585 0.265408 656.194 656944 6605.32
0.0595 0.27288 672.024 658389 6510.26
0.0605 0.280562 687.599 659679 6411.74
0.0615 0.288341 702.576 660787 6311.04
0.0625 0.296329 717.045 661652 6206.22
0.0635 0.304449 730.76 662290 6098.63
0.0645 0.312804 743.751 662677 5986.91
0.0655 0.321295 756.096 662755 5872.26
0.0665 0.330087 767.611 662631 5753.61
0.0675 0.33904 778.227 662018 5631.52
0.0685 0.34796 787.413 660886 5508.68
0.0695 0.356792 795.328 658916 5384.53
0.0705 0.365503 801.711 656278 5260.86
0.0715 0.374062 806.537 652868 5138.01
0.0725 0.382439 809.821 648470 5016.06
0.0735 0.39063 811.655 643181 4895.93
0.0745 0.398676 812.345 637215 4778.93
0.0755 0.406633 812.33 630888 4666.89
0.0765 0.414586 812.09 624535 4560.89
0.0775 0.422632 811.785 618262 4460.54
0.0785 0.430804 811.379 612126 4365.33
0.0795 0.439095 811.311 606471 4276.65
0.0805 0.447845 812.333 601629 4193.06
0.0815 0.457403 814.744 597901 4113.34
0.0825 0.467817 818.599 595432 4037.73
0.0835 0.479076 823.712 594192 3965.95
0.0845 0.49123 829.706 594193 3897.29
0.0855 0.504361 836.195 595362 3830.96
0.0865 0.518597 842.868 597681 3766.29
0.0875 0.534095 849.344 601237 3702.65
0.0885 0.551045 855.487 606137 3639.85
0.0895 0.569532 861.17 612314 3577.66
0.0905 0.589743 866.492 619746 3515.06
0.0915 0.612036 870.981 628513 3451.27
0.0925 0.636971 873.943 639220 3387.14
0.0935 0.665146 874.776 652340 3322.87
0.0945 0.697114 873.215 668180 3258.43
0.0955 0.73333 869.464 686946 3193.95
0.0965 0.774145 863.875 708486 3128.29
0.0975 0.819875 856.91 732752 3061.72
0.0985 0.870826 849.073 759615 2993.88
0.0995 0.927201 840.808 788813 2924.6
0.1005 0.989127 832.663 820049 2853.99
0.1015 1.05653 824.937 853089 2782.67
0.1025 1.12926 818.173 887449 2710.8
0.1035 1.20724 812.776 922703 2638.55
0.1045 1.2902 808.822 958384 2565.82
0.1055 1.37867 806.833 993920 2491.67
0.1065 1.47352 806.632 1.02913e+06 2414.92
0.1075 1.57693 808.246 1.06365e+06 2333.05
0.1085 1.69361 811.771 1.09768e+06 2242.65
0.1095 1.83071 816.699 1.13141e+06 2138.99
0.1105 2.00016 822.737 1.16535e+06 2017.16
0.1115 2.21943 829.684 1.20094e+06 1873.88
0.1125 2.51446 837.165 1.23984e+06 1707.86
0.1135 2.91449 844.11 1.28498e+06 1527.31
0.1145 3.47808 855.564 1.33952e+06 1334.28
0.1155 4.24013 857.912 1.39644e+06 1141.09
0.1165 4.88267 837.325 1.40386e+06 996.19
0.1175 5.21869 814.683 1.36933e+06 909.153
0.1185 5.3563 792.043 1.26139e+06 815.978
0.1195 5.34187 749.838 1.06981e+06 693.903
0.1205 4.96178 636.402 793199 553.914
0.1215 3.70609 458.275 471776 441.111
0.1225 2.38346 285.936 280031 407.134
0.1235 1.76433 155.483 181384 356.232
0.1245 1.4771 76.1706 136284 319.729
0.1255 1.34106 35.0136 116465 300.94
0.1265 1.27716 15.4653 107828 292.576
0.1275 1.24785 6.6489 104091 289.064
0.1285 1.23478 2.80252 102485 287.62
0.1295 1.2291 1.16085 101804 287.03
0.1305 1.22669 0.473732 101520 286.791
0.1315 1.22568 0.190807 101404 286.695
0.1325 1.22527 0.0759224 101356 286.656
0.1335 1.22511 0.0298594 101337 286.641
0.1345 1.22504 0.0116105 101330 286.635
0.1355 1.22502 0.0044641 101327 286.632
0.1365 1.22501 0.00169728 101326 286.631
0.1375 1.225 0.000638148 101325 286.631
0.1385 1.225 0.000237277 101325 286.631
0.1395 1.225 8.72574e-05 101325 286.631
0.1405 1.225 3.17441e-05 101325 286.631
0.1415 1.225 1.14298e-05 101325 286.631
0.1425 1.225 4.07744e-06 101325 286.631
0.1435 1.225 1.44485e-06 101325 286.631
0.1445 1.225 5.11836e-07 101325 286.631
0.1455 1.225 1.84399e-07 101325 286.631
0.1465 1.225 7.07058e-08 101325 286.631
0.1475 1.225 3.15803e-08 101325 286.631
0.1485 1.225 1.72452e-08 101325 286.631
0.1495 1.225 1.02805e-08 101325 286.631
0.1505 1.225 6.02502e-09 101325 286.631
0.1515 1.225 3.50438e-09 101325 286.631
0.1525 1.225 2.03338e-09 101325 286.631
0.1535 1.225 1.17921e-09 101325 286.631
0.1545 1.225 6.84187e-10 101325 286.631
0.1555 1.225 3.97678e-10 101325 286.631
0.1565 1.225 2.31969e-10 101325 286.631
0.1575 1.225 1.36214e-10 101325 286.631
0.1585 1.225 8.09446e-11 101325 286.631
0.1595 1.225 4.91147e-11 101325 286.631
0.1605 1.225 3.07333e-11 101325 286.631
0.1615 1.225 1.97222e-11 101325 286.631
0.1625 1.225 1.28202e-11 101325 286.631
0.1635 1.225 8.37063e-12 101325 286.631
0.1645 1.225 5.46652e-12 101325 286.631
0.1655 1.225 3.56848e-12 101325 286.631
0.1665 1.225 2.31873e-12 101325 286.631
0.1675 1.225 1.49839e-12 101325 286.631
0.1685 1.225 9.62368e-13 101325 286.631
0.1695 1.225 6.07009e-13 101325 286.631
0.1705 1.225 3.85478e-13 101325 286.631
0.1715 1.225 2.37874e-13 101325 286.631
0.1725 1.225 1.47518e-13 101325 286.631
0.1735 1.225 7.92494e-14 101325 286.631
0.1745 1.225 3.82098e-14 101325 286.631
0.1755 1.225 1.91085e-14 101325 286.631
0.1765 1.225 1.08993e-14 101325 286.631
0.1775 1.225 2.73876e-15 101325 286.631
0.1785 1.225 -1.84222e-18 101325 286.631
0.1795 1.225 2.73029e-15 101325 286.631
0.1805 1.225 -2.72789e-15 101325 286.631
0.1815 1.225 2.73189e-15 101325 286.631
0.1825 1.225 -2.7238e-15 101325 286.631
0.1835 1.225 2.72583e-15 101325 286.631
0.1845 1.225 -2.71406e-15 101325 286.631
0.1855 1.225 2.71737e-15 101325 286.631
0.1865 1.225 -2.71612e-15 101325 286.631
0.1875 1.225 2.71709e-15 101325 286.631
0.1885 1.225 -2.71627e-15 101325 286.631
0.1895 1.225 2.72425e-15 101325 286.631
0.1905 1.225 -5.82442e-19 101325 286.631
0.1915 1.225 1.61299e-77 101325 286.631
0.1925 1.225 2.36475e-78 101325 286.631
0.1935 1.225 3.4324e-79 101325 286.631
0.1945 1.225 4.93249e-80 101325 286.631
0.1955 1.225 7.01766e-81 101325 286.631
0.1965 1.225 9.88496e-82 101325 286.631
0.1975 1.225 1.37853e-82 101325 286.631
0.1985 1.225 1.90332e-83 101325 286.631
0.1995 1.225 2.60175e-84 101325 286.631
0.2005 1.225 0 101325 286.631
0.2015 1.225 0 101325 286.631
0.2025 1.225 0 101325 286.631
0.2035 1.225 0 101325 286.631
