0.001 0.114466 48.7472 1.80738e+06 18368.4
0.0014 0.112099 116.27 1.76591e+06 18330.9
0.0018 0.10955 164.376 1.7256e+06 18310.5
0.0022 0.107027 206.238 1.68697e+06 18295.9
0.0026 0.104483 245.652 1.64902e+06 18286.3
0.003 0.101934 283.374 1.61194e+06 18282.2
0.0034 0.0994012 320.215 1.57594e+06 18282.3
0.0038 0.0969242 355.67 1.54101e+06 18284.8
0.0042 0.0945179 390.123 1.50713e+06 18288.3
0.0046 0.0921941 423.389 1.47444e+06 18291.8
0.005 0.0899723 455.49 1.44288e+06 18294.7
0.0054 0.0878525 486.585 1.41245e+06 18296.2
0.0058 0.0858418 516.512 1.38329e+06 18295.7
0.0062 0.0839447 545.109 1.35542e+06 18293.3
0.0066 0.0821564 572.513 1.32862e+06 18288.5
0.007 0.0804786 598.661 1.30306e+06 18281.4
0.0074 0.0789105 623.38 1.27875e+06 18271.9
0.0078 0.077448 646.81 1.25561e+06 18259.7
0.0082 0.0760919 668.9 1.23367e+06 18244.9
0.0086 0.0748424 689.376 1.21296e+06 18227.3
0.009 0.0736935 708.452 1.19342e+06 18207.1
0.0094 0.0726422 726.116 1.17493e+06 18184.5
0.0098 0.0716878 742.136 1.15763e+06 18159.8
0.0102 0.0708236 756.676 1.14147e+06 18132.7
0.0106 0.0700455 769.753 1.12625e+06 18103.1
0.011 0.0693701 781.263 1.11217e+06 18070.6
0.0114 0.068794 791.138 1.09912e+06 18034.1
0.0118 0.068303 799.906 1.08699e+06 17995
0.0122 0.0678911 807.017 1.07583e+06 17954.5
0.0126 0.0675465 812.706 1.06561e+06 17913
0.013 0.0672925 817.061 1.05626e+06 17867.7
0.0134 0.0671605 820.322 1.04768e+06 17815.3
0.0138 0.067134 822.444 1.03984e+06 17756.9
0.0142 0.0671764 823.444 1.03277e+06 17697
0.0146 0.0672863 823.58 1.02642e+06 17635.5
0.015 0.0674717 822.663 1.0207e+06 17571.5
0.0154 0.0677347 820.762 1.01562e+06 17504.6
0.0158 0.0680762 817.994 1.01118e+06 17434.6
0.0162 0.0684998 814.655 1.00735e+06 17361.2
0.0166 0.0690176 810.88 1.00398e+06 17283.6
0.017 0.0696081 806.132 1.00114e+06 17203
0.0174 0.0702751 800.971 998603 17118.9
0.0178 0.0710418 795.459 996724 17030.8
0.0182 0.0718943 789.731 995122 16938.8
0.0186 0.0728259 783.686 993885 16843.4
0.019 0.073847 777.111 993017 16744.1
0.0194 0.0749651 770.659 992448 16640.6
0.0198 0.0761734 764.151 992172 16533.4
0.0202 0.0774635 757.377 992095 16422.6
0.0206 0.0788439 750.581 992250 16308
0.021 0.0803198 744.026 992653 16189.5
0.0214 0.0818905 737.623 993304 16067.4
0.0218 0.083542 731.057 994082 15941.9
0.0222 0.0852829 724.592 995015 15812.7
0.0226 0.0871176 718.49 996128 15679.6
0.023 0.0890345 712.529 997284 15542.9
0.0234 0.0910285 706.735 998529 15402.7
0.0238 0.0931121 701.319 999960 15259
0.0242 0.0952688 695.871 1.00148e+06 15112.2
0.0246 0.097486 690.485 1.00299e+06 14962.4
0.025 0.0997794 685.564 1.00452e+06 14808.7
0.0254 0.102162 681.306 1.00629e+06 14651.6
0.0258 0.104572 676.604 1.00804e+06 14493.5
0.0262 0.107015 672.096 1.00961e+06 14332.6
0.0266 0.109539 668.343 1.01132e+06 14167.9
0.027 0.112103 664.998 1.01315e+06 14002.2
0.0274 0.114675 661.22 1.01493e+06 13836.2
0.0278 0.117289 657.491 1.01657e+06 13666.8
0.0282 0.119944 654.265 1.01829e+06 13495.8
0.0286 0.122615 651.576 1.02014e+06 13325.3
0.029 0.125289 648.464 1.02182e+06 13154.3
0.0294 0.127962 645.257 1.02341e+06 12983.8
0.0298 0.130629 642.361 1.0251e+06 12815.9
0.0302 0.133305 639.871 1.02678e+06 12649.1
0.0306 0.135979 637.231 1.02828e+06 12482.7
0.031 0.138642 634.609 1.0297e+06 12318.5
0.0314 0.141284 632.173 1.03114e+06 12158.4
0.0318 0.143902 629.895 1.03257e+06 12002.4
0.0322 0.146483 627.551 1.03386e+06 11850.3
0.0326 0.14901 625.263 1.03506e+06 11703.9
0.033 0.151495 623.132 1.03624e+06 11563
0.0334 0.153954 620.851 1.03725e+06 11425.9
0.0338 0.156373 618.509 1.03816e+06 11293.8
0.0342 0.158746 616.369 1.03894e+06 11166.7
0.0346 0.161091 614.266 1.03971e+06 11044.6
0.035 0.163407 611.994 1.0405e+06 10927.5
0.0354 0.165677 609.701 1.04112e+06 10815.5
0.0358 0.167891 607.476 1.04157e+06 10708.9
0.0362 0.170056 605.255 1.04199e+06 10607.4
0.0366 0.172169 602.965 1.04232e+06 10510.6
0.037 0.174225 600.702 1.04245e+06 10419.4
0.0374 0.176234 598.446 1.04255e+06 10332
0.0378 0.178191 596.126 1.04253e+06 10249.2
0.0382 0.180092 593.77 1.04238e+06 10170.8
0.0386 0.181934 591.332 1.04212e+06 10095.7
0.039 0.183717 588.823 1.04172e+06 10025.5
0.0394 0.185447 586.237 1.04122e+06 9957.37
0.0398 0.187133 583.628 1.0406e+06 9893.76
0.0402 0.188781 580.981 1.0399e+06 9831.32
0.0406 0.190394 578.171 1.03907e+06 9772.43
0.041 0.191963 575.054 1.03806e+06 9714.55
0.0414 0.193485 571.644 1.03691e+06 9659.54
0.0418 0.194967 568.274 1.03566e+06 9606.65
0.0422 0.196425 564.893 1.03424e+06 9554.32
0.0426 0.197864 561.416 1.03267e+06 9504.09
0.043 0.19929 557.806 1.03095e+06 9453.7
0.0434 0.200709 554.078 1.02911e+06 9404.68
0.0438 0.20212 550.263 1.02716e+06 9356.46
0.0442 0.203519 546.386 1.02511e+06 9308.35
0.0446 0.204901 542.363 1.0229e+06 9262.31
0.045 0.20626 538.126 1.02053e+06 9216.27
0.0454 0.2076 533.687 1.01797e+06 9170.5
0.0458 0.208928 529.021 1.01528e+06 9126.3
0.0462 0.21025 524.175 1.01242e+06 9081.79
0.0466 0.211573 519.114 1.00936e+06 9037.13
0.047 0.212888 513.76 1.00612e+06 8993.2
0.0474 0.214188 508.087 1.00272e+06 8949.23
0.0478 0.215471 502.104 999112 8905.34
0.0482 0.21674 495.715 995264 8862.12
0.0486 0.217985 488.943 991158 8818.61
0.049 0.2192 481.706 986741 8774.7
0.0494 0.220377 473.852 981938 8731.17
0.0498 0.221499 465.22 976787 8687.47
0.0502 0.222547 455.803 971208 8643.71
0.0506 0.223498 445.423 965012 8599.56
0.051 0.22432 433.669 958080 8555.23
0.0514 0.22497 420.235 950324 8510.67
0.0518 0.225401 404.62 941408 8464.94
0.0522 0.225601 386.097 931191 8417.72
0.0526 0.22551 364.06 919238 8367.83
0.053 0.224937 337.874 905220 8316.75
0.0534 0.223656 306.105 888587 8265.1
0.0538 0.221925 270.965 870387 8213.4
0.0542 0.220829 242.517 855490 8165.36
0.0546 0.220426 221.969 844261 8122.16
0.055 0.220608 207.835 835982 8082.88
0.0554 0.221485 198.698 830245 8044.15
0.0558 0.222965 193.496 826501 8005.2
0.0562 0.224739 190.812 823862 7967.46
0.0566 0.226557 189.403 821797 7931.79
0.057 0.228388 189.001 820022 7897.65
0.0574 0.230378 189.526 818748 7863.77
0.0578 0.232576 191.329 818051 7829.8
0.0582 0.234965 194.362 817932 7796.12
0.0586 0.237514 198.532 818263 7762.7
0.059 0.240208 203.447 819067 7729.65
0.0594 0.243018 208.847 820004 7696.33
0.0598 0.245919 214.605 821171 7663.06
0.0602 0.248899 220.434 822468 7629.76
0.0606 0.251946 226.306 823724 7596.01
0.061 0.255079 232.331 825090 7561.98
0.0614 0.258318 238.432 826559 7527.48
0.0618 0.26165 244.551 827980 7492.19
0.0622 0.265079 250.827 829503 7456.5
0.0626 0.268627 257.204 831181 7420.4
0.063 0.272305 263.721 832857 7383.32
0.0634 0.27611 270.369 834647 7345.6
0.0638 0.280039 277.183 836553 7307.26
0.0642 0.284111 284.137 838613 7268.19
0.0646 0.288332 291.237 840738 7228.16
0.065 0.292691 298.449 842954 7187.35
0.0654 0.297184 305.789 845299 7145.99
0.0658 0.301815 313.323 847777 7104.06
0.0662 0.306573 320.951 850386 7061.71
0.0666 0.311446 328.665 853101 7018.89
0.067 0.316433 336.423 855829 6975.05
0.0674 0.321533 344.253 858624 6930.66
0.0678 0.326756 352.182 861544 6885.87
0.0682 0.3321 360.198 864582 6840.7
0.0686 0.337575 368.351 867744 6795.08
0.069 0.34319 376.576 871007 6748.61
0.0694 0.348936 384.814 874341 6701.22
0.0698 0.354811 393.044 877753 6653.25
0.0702 0.36084 401.344 881273 6604.59
0.0706 0.367031 409.716 884860 6554.99
0.071 0.373387 418.159 888508 6504.13
0.0714 0.379912 426.617 892234 6452.09
0.0718 0.386594 435.102 896058 6399.41
0.0722 0.39345 443.678 900005 6346.09
0.0726 0.400485 452.341 904083 6292.15
0.073 0.407677 460.982 908166 6236.71
0.0734 0.414991 469.553 912305 6180.98
0.0738 0.422454 478.194 916548 6125.03
0.0742 0.430116 487.017 920943 6068.62
0.0746 0.437995 495.97 925379 6010.7
0.075 0.446075 504.855 929814 5951.63
0.0754 0.454407 513.649 934327 5891.53
0.0758 0.463083 522.446 939035 5830.22
0.0762 0.472088 531.288 943860 5767.26
0.0766 0.481317 540.084 948719 5703.69
0.077 0.490748 548.816 953591 5639.89
0.0774 0.500455 557.553 958589 5575.82
0.0778 0.510479 566.32 963712 5511.01
0.0782 0.520767 575.031 968971 5446.5
0.0786 0.531299 583.651 974291 5382.28
0.079 0.542133 592.256 979627 5317.94
0.0794 0.553307 600.864 985083 5253.73
0.0798 0.564797 609.447 990691 5190.26
0.0802 0.576607 617.963 996416 5127.46
0.0806 0.588759 626.391 1.00223e+06 5065.25
0.081 0.601249 634.771 1.00818e+06 5004.04
0.0814 0.614077 643.148 1.01426e+06 4943.93
0.0818 0.627249 651.501 1.02047e+06 4884.95
0.0822 0.640759 659.808 1.02669e+06 4827.35
0.0826 0.654597 668.081 1.03302e+06 4771.07
0.083 0.668773 676.361 1.03946e+06 4716.19
0.0834 0.6833 684.643 1.04602e+06 4662.68
0.0838 0.698197 692.916 1.05267e+06 4610.21
0.0842 0.713467 701.139 1.05941e+06 4558.84
0.0846 0.729136 709.345 1.06623e+06 4508.83
0.085 0.745262 717.552 1.07311e+06 4459.47
0.0854 0.761863 725.721 1.0801e+06 4410.69
0.0858 0.778902 733.826 1.08722e+06 4362.79
0.0862 0.796445 741.94 1.09442e+06 4315.22
0.0866 0.814553 750.001 1.10167e+06 4267.93
0.087 0.833182 758.027 1.10904e+06 4221.11
0.0874 0.852371 766.047 1.11648e+06 4174.36
0.0878 0.872174 773.975 1.12404e+06 4127.56
0.0882 0.892584 781.877 1.13173e+06 4080.77
0.0886 0.913637 789.764 1.13944e+06 4033.8
0.089 0.935364 797.569 1.14731e+06 3986.62
0.0894 0.957718 805.311 1.15535e+06 3939.27
0.0898 0.980726 813.041 1.16343e+06 3891.71
0.0902 1.00437 820.726 1.17166e+06 3844
0.0906 1.02859 828.357 1.18008e+06 3796.36
0.091 1.05334 835.984 1.18864e+06 3748.99
0.0914 1.07861 843.629 1.19725e+06 3701.49
0.0918 1.10433 851.283 1.206e+06 3654.38
0.0922 1.1305 858.909 1.21492e+06 3607.79
0.0926 1.15719 866.533 1.22387e+06 3561.03
0.093 1.18438 874.093 1.23294e+06 3514.72
0.0934 1.21211 881.577 1.2422e+06 3468.78
0.0938 1.24039 888.961 1.25165e+06 3423.09
0.0942 1.26923 896.29 1.26111e+06 3377.69
0.0946 1.29866 903.551 1.27053e+06 3332.07
0.095 1.32873 910.703 1.28012e+06 3286.83
0.0954 1.35951 917.769 1.28987e+06 3241.85
0.0958 1.39108 924.717 1.29955e+06 3196.49
0.0962 1.42345 931.517 1.3093e+06 3151.35
0.0966 1.45667 938.194 1.31919e+06 3106.27
0.097 1.49079 944.691 1.32932e+06 3061.5
0.0974 1.52575 951.074 1.33952e+06 3017.12
0.0978 1.56159 957.35 1.34963e+06 2972.63
0.0982 1.59829 963.5 1.36006e+06 2928.96
0.0986 1.63583 969.563 1.37068e+06 2885.84
0.099 1.67424 975.536 1.38126e+06 2843.09
0.0994 1.71351 981.438 1.39203e+06 2801.16
0.0998 1.7536 987.256 1.40292e+06 2759.74
0.1002 1.79453 992.988 1.41415e+06 2719.39
0.1006 1.83618 998.668 1.42532e+06 2679.72
0.101 1.87855 1004.27 1.43659e+06 2640.93
0.1014 1.9215 1009.79 1.4481e+06 2603.33
0.1018 1.96503 1015.26 1.45966e+06 2566.55
0.1022 2.00905 1020.62 1.47132e+06 2530.87
0.1026 2.05353 1025.92 1.48281e+06 2496
0.103 2.0985 1031.1 1.49435e+06 2462.02
0.1034 2.14398 1036.18 1.50602e+06 2429.01
0.1038 2.19 1041.12 1.51762e+06 2396.6
0.1042 2.23663 1045.94 1.52932e+06 2364.99
0.1046 2.28394 1050.63 1.54109e+06 2334.01
0.105 2.33202 1055.22 1.55274e+06 2303.51
0.1054 2.3809 1059.7 1.56455e+06 2273.67
0.1058 2.43062 1064.1 1.57643e+06 2244.32
0.1062 2.48124 1068.44 1.58852e+06 2215.6
0.1066 2.53277 1072.73 1.60083e+06 2187.5
0.107 2.58525 1076.99 1.61332e+06 2159.94
0.1074 2.63873 1081.22 1.62611e+06 2133.04
0.1078 2.69328 1085.43 1.63912e+06 2106.63
0.1082 2.74901 1089.62 1.65239e+06 2080.73
0.1086 2.80604 1093.81 1.66588e+06 2055.24
0.109 2.86456 1098 1.67968e+06 2030.08
0.1094 2.92486 1102.26 1.69401e+06 2005.32
0.1098 2.9873 1106.65 1.70898e+06 1980.84
0.1102 3.05267 1111.4 1.7252e+06 1956.86
0.1106 3.12235 1116.73 1.74355e+06 1933.51
0.111 3.19126 1121.54 1.76125e+06 1911.06
0.1114 3.2488 1123.64 1.77237e+06 1889.1
0.1118 3.2919 1122.69 1.77657e+06 1868.9
0.1122 3.32085 1119.39 1.77552e+06 1851.56
0.1126 3.33789 1115.09 1.76472e+06 1830.99
0.113 3.34679 1108.28 1.73894e+06 1799.48
0.1134 3.34083 1092.06 1.6944e+06 1756.62
0.1138 3.28699 1058.3 1.61342e+06 1700.14
0.1142 3.12754 996.973 1.46457e+06 1621.99
0.1146 2.76489 873.553 1.19573e+06 1498.18
0.115 2.18642 674.913 842181 1334.53
0.1154 1.73728 500.584 608913 1214.38
0.1158 1.53283 398.572 498659 1127.21
0.1162 1.44821 352.426 453014 1083.87
0.1166 1.41463 332.834 433562 1061.9
0.117 1.40028 323.191 423322 1047.53
0.1174 1.3927 316.99 416288 1035.69
0.1178 1.38748 311.989 410375 1024.78
0.1182 1.38311 307.441 404864 1014.26
0.1186 1.37913 303.117 399594 1003.98
0.119 1.37538 298.95 394505 993.902
0.1194 1.37183 294.918 389571 984.008
0.1198 1.36847 291.015 384782 974.281
0.1202 1.3653 287.239 380138 964.734
0.1206 1.36232 283.586 375629 955.347
0.121 1.35952 280.051 371223 946.121
0.1214 1.35689 276.629 366947 937.059
0.1218 1.35441 273.316 362785 928.139
0.1222 1.35207 270.1 358733 919.374
0.1226 1.34982 266.962 354767 910.728
0.123 1.34762 263.881 350875 902.205
0.1234 1.34544 260.84 347039 893.782
0.1238 1.34326 257.824 343250 885.448
0.1242 1.34105 254.831 339506 877.217
0.1246 1.33879 251.872 335805 869.104
0.125 1.33643 248.962 332151 861.159
0.1254 1.33407 246.092 328537 853.318
0.1258 1.33181 243.257 324986 845.55
0.1262 1.32962 240.467 321494 837.853
0.1266 1.32751 237.731 318068 830.251
0.127 1.32549 235.055 314710 822.741
0.1274 1.32356 232.443 311421 815.33
0.1278 1.32173 229.896 308202 808.016
0.1282 1.31999 227.412 305049 800.796
0.1286 1.31834 224.989 301960 793.671
0.129 1.31676 222.623 298927 786.632
0.1294 1.31525 220.309 295951 779.685
0.1298 1.31379 218.043 293024 772.816
0.1302 1.31238 215.825 290142 766.035
0.1306 1.31102 213.651 287297 759.328
0.131 1.3097 211.525 284503 752.708
0.1314 1.30845 209.449 281755 746.163
0.1318 1.30725 207.426 279058 739.704
0.1322 1.30613 205.455 276408 733.319
0.1326 1.30506 203.533 273806 727.013
0.133 1.30404 201.654 271243 720.774
0.1334 1.30306 199.808 268717 714.601
0.1338 1.3021 197.985 266218 708.482
0.1342 1.30114 196.174 263741 702.409
0.1346 1.30017 194.368 261281 696.375
0.135 1.29917 192.562 258834 690.386
0.1354 1.2981 190.757 256404 684.467
0.1358 1.29692 188.968 253993 678.643
0.1362 1.29563 187.216 251610 672.942
0.1366 1.29435 185.492 249259 667.306
0.137 1.29318 183.787 246942 661.696
0.1374 1.29208 182.11 244656 656.124
0.1378 1.29104 180.465 242409 650.61
0.1382 1.29007 178.857 240195 645.148
0.1386 1.28916 177.287 238022 639.753
0.139 1.28832 175.752 235877 634.409
0.1394 1.28752 174.25 233767 629.128
0.1398 1.28677 172.776 231686 623.898
0.1402 1.28605 171.325 229632 618.721
0.1406 1.28534 169.892 227600 613.59
0.141 1.28463 168.472 225588 608.502
0.1414 1.28393 167.061 223593 603.456
0.1418 1.28322 165.658 221613 598.447
0.1422 1.2825 164.265 219651 593.484
0.1426 1.28176 162.882 217703 588.564
0.143 1.28099 161.513 215773 583.699
0.1434 1.28023 160.157 213859 578.869
0.1438 1.27948 158.812 211965 574.077
0.1442 1.27876 157.483 210089 569.32
0.1446 1.27805 156.172 208234 564.607
0.145 1.27736 154.881 206400 559.935
0.1454 1.2767 153.612 204588 555.307
0.1458 1.27608 152.367 202800 550.723
0.1462 1.27549 151.144 201035 546.181
0.1466 1.27494 149.944 199293 541.684
0.147 1.27442 148.765 197572 537.224
0.1474 1.27393 147.605 195873 532.808
0.1478 1.27346 146.46 194192 528.427
0.1482 1.27301 145.329 192529 524.086
0.1486 1.27257 144.208 190881 519.781
0.149 1.27214 143.096 189250 515.512
0.1494 1.27171 141.992 187635 511.284
0.1498 1.27128 140.893 186035 507.093
0.1502 1.27086 139.798 184453 502.948
0.1506 1.27042 138.707 182888 498.849
0.151 1.26998 137.62 181342 494.803
0.1514 1.26958 136.536 179816 490.796
0.1518 1.26924 135.454 178311 486.817
0.1522 1.26898 134.37 176827 482.858
0.1526 1.26883 133.282 175359 478.907
0.153 1.26876 132.187 173909 474.973
0.1534 1.26874 131.086 172473 471.059
0.1538 1.26876 129.98 171057 467.183
0.1542 1.26882 128.865 169660 463.349
0.1546 1.26893 127.736 168286 459.556
0.155 1.26912 126.59 166939 455.811
0.1554 1.26939 125.422 165617 452.108
0.1558 1.26975 124.23 164326 448.456
0.1562 1.27022 123.011 163065 444.853
0.1566 1.2708 121.764 161836 441.3
0.157 1.2715 120.489 160640 437.798
0.1574 1.27233 119.187 159474 434.342
0.1578 1.27328 117.86 158339 430.931
0.1582 1.27437 116.509 157235 427.56
0.1586 1.2756 115.137 156158 424.223
0.159 1.27698 113.746 155108 420.919
0.1594 1.2785 112.338 154084 417.644
0.1598 1.28017 110.914 153085 414.392
0.1602 1.28198 109.474 152109 411.164
0.1606 1.28394 108.02 151156 407.957
0.161 1.28605 106.55 150223 404.77
0.1614 1.28829 105.064 149313 401.606
0.1618 1.29067 103.563 148418 398.468
0.1622 1.29318 102.043 147541 395.356
0.1626 1.29581 100.502 146687 392.274
0.163 1.29857 98.9401 145853 389.223
0.1634 1.30143 97.3562 145039 386.199
0.1638 1.30441 95.751 144243 383.203
0.1642 1.30748 94.1256 143466 380.236
0.1646 1.31065 92.4825 142708 377.3
0.165 1.3139 90.8268 141961 374.391
0.1654 1.31723 89.1611 141219 371.505
0.1658 1.32065 87.4898 140487 368.633
0.1662 1.32413 85.8113 139759 365.76
0.1666 1.32768 84.1392 139029 362.878
0.167 1.33128 82.4955 138297 359.984
0.1674 1.33496 80.8817 137562 357.073
0.1678 1.33874 79.2883 136818 354.134
0.1682 1.34268 77.6994 136057 351.142
0.1686 1.34686 76.098 135285 348.077
0.169 1.3514 74.4647 134457 344.787
0.1694 1.35648 72.7052 133634 341.384
0.1698 1.36234 70.6958 133034 338.367
0.1702 1.36928 68.3368 132759 335.981
0.1706 1.37763 65.5661 132787 334.019
0.171 1.38791 62.2816 133055 332.188
0.1714 1.40094 58.2737 133620 330.524
0.1718 1.41791 53.2065 134721 329.247
0.1722 1.44051 46.6091 136609 328.609
0.1726 1.47104 37.8774 139628 328.911
0.173 1.51247 26.2903 144245 330.491
0.1734 1.56846 11.0749 151030 333.686
0.1738 1.64316 -8.43742 160629 338.747
0.1742 1.74085 -32.5233 173641 345.648
0.1746 1.86541 -61.0167 190659 354.16
0.175 2.02108 -92.1802 211574 362.764
0.1754 2.20292 -126.46 237177 373.068
0.1758 2.3579 -155.553 260125 382.292
0.1762 2.45978 -174.689 275440 388.008
0.1766 2.52453 -187.31 285253 391.556
0.177 2.56408 -195.75 291279 393.653
0.1774 2.58627 -201.765 294591 394.714
0.1778 2.59647 -206.484 295959 394.97
0.1782 2.5993 -210.462 296019 394.612
0.1786 2.59877 -213.822 295456 393.944
0.179 2.59615 -216.624 294695 393.332
0.1794 2.5909 -219.022 293790 392.929
0.1798 2.58286 -221.15 292719 392.726
0.1802 2.57208 -223.113 291506 392.742
0.1806 2.55861 -224.981 290178 392.995
0.181 2.54242 -226.812 288839 393.676
0.1814 2.52348 -228.658 287617 394.964
0.1818 2.50168 -230.613 286475 396.801
0.1822 2.47663 -232.687 285291 399.181
0.1826 2.44775 -234.779 284106 402.206
0.183 2.41449 -236.813 282884 405.967
0.1834 2.37635 -238.734 281555 410.561
0.1838 2.33297 -240.516 280167 416.135
0.1842 2.28411 -242.155 278713 422.812
0.1846 2.22958 -243.699 277295 430.979
0.185 2.16908 -245.155 276109 441.1
0.1854 2.10216 -246.519 275081 453.459
0.1858 2.02826 -247.774 274216 468.502
0.1862 1.9467 -248.902 273513 486.875
0.1866 1.85675 -249.886 272983 509.464
0.187 1.75766 -250.712 272621 537.467
0.1874 1.64865 -251.361 272417 572.586
0.1878 1.52964 -251.772 272369 617.02
0.1882 1.39874 -251.955 272403 674.858
0.1886 1.26213 -251.581 272417 747.903
0.189 1.13705 -250.955 272380 830.067
0.1894 1.03064 -250.791 272313 915.516
0.1898 0.940826 -250.924 272272 1002.73
0.1902 0.865933 -251.177 272254 1089.43
0.1906 0.804413 -251.379 272325 1173.03
0.191 0.754692 -251.422 272503 1251
0.1914 0.715112 -251.316 272642 1320.91
0.1918 0.683985 -251.195 272717 1381.44
0.1922 0.65973 -251.114 272788 1432.56
0.1926 0.640974 -251.076 272857 1474.78
0.193 0.626554 -251.09 272914 1508.98
0.1934 0.615519 -251.129 272962 1536.25
0.1938 0.607103 -251.185 272989 1557.75
0.1942 0.600692 -251.254 273020 1574.57
0.1946 0.595795 -251.349 273061 1587.69
0.195 0.59204 -251.449 273092 1597.92
0.1954 0.589138 -251.578 273103 1605.9
0.1958 0.586877 -251.704 273126 1612.22
0.1962 0.585107 -251.803 273165 1617.27
0.1966 0.583711 -251.875 273217 1621.39
0.197 0.582589 -251.94 273270 1624.8
0.1974 0.58166 -252.023 273304 1627.64
0.1978 0.58087 -252.127 273332 1630.04
0.1982 0.5802 -252.233 273358 1632.09
0.1986 0.579649 -252.317 273388 1633.84
0.199 0.579226 -252.355 273433 1635.3
0.1994 0.57894 -252.336 273504 1636.54
0.1998 0.578789 -252.21 273650 1637.84
0.2002 0.578759 -251.936 273763 1638.6
0.2006 0.578787 -251.782 273776 1638.6
0.201 0.5788 -251.833 273784 1638.61
0.2014 -nan -nan -nan -nan
