0.0015 0.467587 28.2171 829739 5226.49
0.0025 0.467587 -28.2171 829739 5226.49
0.0035 0.387615 -280 659575 5031.89
0.0045 0.282556 -600.506 452247 4758.73
0.0055 0.191323 -985.116 282445 4427.67
0.0065 0.13445 -1253.17 182441 4121.43
0.0075 0.108304 -1284.14 140700 3973.75
0.0085 0.097698 -1176.15 124502 3910.64
0.0095 0.0922465 -1027.13 116214 3874.06
0.0105 0.0899263 -858.803 112917 3862.97
0.0115 0.0895933 -687.31 112973 3874.38
0.0125 0.0905648 -526.197 115096 3896.9
0.0135 0.0925547 -381.988 118724 3925.08
0.0145 0.0955428 -253.613 124380 3969.78
0.0155 0.0997519 -138.059 132306 4028.66
0.0165 0.104101 -36.3014 142123 4120.96
0.0175 0.106956 51.7278 152970 4275.9
0.0185 0.108276 129.179 164350 4491.33
0.0195 0.108604 198.658 175914 4747.54
0.0205 0.108189 261.109 187296 5026
0.0215 0.106641 316.613 198213 5328.75
0.0225 0.103912 366.392 208070 5639.37
0.0235 0.101601 413.059 217118 5897.78
0.0245 0.100849 455.168 225568 6071.37
0.0255 0.101168 493.016 233407 6186.76
0.0265 0.10275 527.512 241145 6250.93
0.0275 0.106257 558.519 248938 6249.78
0.0285 0.111972 585.566 256677 6177.8
0.0295 0.120014 609.587 264387 6036.25
0.0305 0.130428 632.689 272286 5832.31
0.0315 0.143131 654.969 280174 5571.73
0.0325 0.15842 674.629 288325 5264.3
0.0335 0.175687 691.593 296678 4947.79
0.0345 0.19284 706.548 305501 4692.15
0.0355 0.209201 721.954 314744 4502.23
0.0365 0.226166 737.655 324125 4338.55
0.0375 0.247399 756.929 334215 4157.89
0.0385 0.2726 761.442 344872 3974.75
0.0395 0.287645 747.125 342750 3814.58
0.0405 0.289727 649.095 314363 3565.77
0.0415 0.241664 342.574 227574 3181.87
0.0425 0.180673 -34.5646 148898 2824.26
0.0435 0.172623 -113.752 134288 2675.79
0.0445 0.181448 -98.3188 135299 2570.13
0.0455 0.196284 -62.8774 139945 2461.2
0.0465 0.211133 -29.1079 144901 2371.31
0.0475 0.22602 -1.71842 149116 2281.29
0.0485 0.242598 23.9243 153418 2187.93
0.0495 0.261632 50.6013 158381 2095.2
0.0505 0.283301 77.9179 164014 2004.24
0.0515 0.307794 104.349 169944 1911.98
0.0525 0.335648 129.709 176179 1817.86
0.0535 0.367845 154.679 182922 1722.43
0.0545 0.405629 179.63 190346 1625.63
0.0555 0.450292 204.31 198522 1527.3
0.0565 0.503389 228.529 207461 1427.81
0.0575 0.566931 252.436 217366 1328.45
0.0585 0.643362 276.378 228538 1230.83
0.0595 0.736147 300.301 241268 1135.64
0.0605 0.846431 325.304 256350 1049.41
0.0615 0.987992 351.468 273667 959.819
0.0625 1.14665 366.702 287741 869.551
0.0635 1.27271 365.588 292948 797.601
0.0645 1.36556 355.34 290959 738.299
0.0655 1.43297 340.155 279617 676.166
0.0665 1.47518 315.524 258125 606.344
0.0675 1.48693 280.273 235268 548.285
0.0685 1.49678 256.7 222060 514.082
0.0695 1.54411 246.322 217825 488.834
0.0705 1.62769 241.081 217333 462.697
0.0715 1.7293 243.265 219346 439.519
0.0725 1.8357 252.199 226405 427.379
0.0735 1.94625 266.497 239303 426.08
0.0745 2.06914 284.437 256934 430.302
0.0755 2.21634 304.758 278177 434.936
0.0765 2.37939 324.974 300568 437.732
0.0775 2.52361 340.456 319551 438.793
0.0785 2.6349 350.209 333610 438.74
0.0795 2.71335 355.109 342636 437.588
0.0805 2.76074 356.064 347081 435.651
0.0815 2.78351 354.743 348303 433.611
0.0825 2.79178 351.981 347697 431.56
0.0835 2.78612 345.668 344017 427.87
0.0845 2.74625 332.938 333694 421.033
0.0855 2.63503 310.287 311954 410.241
0.0865 2.40937 266.178 271221 390.069
0.0875 2.01243 192.494 209215 360.246
0.0885 1.61434 108.268 153645 329.807
0.0895 1.40088 51.3173 124052 306.869
0.0905 1.3011 22.1784 110743 294.956
0.0915 1.25767 9.38011 105239 289.973
0.0925 1.2393 4.05596 103009 288.023
0.0935 1.2315 1.82662 102078 287.244
0.0945 1.22809 0.864401 101680 286.918
0.0955 1.22655 0.432619 101503 286.773
0.0965 1.22582 0.230053 101419 286.706
0.0975 1.22547 0.13031 101378 286.673
0.0985 1.22528 0.078497 101357 286.656
0.0995 1.22518 0.0499468 101345 286.647
0.1005 1.22512 0.0332108 101339 286.642
0.1015 1.22508 0.0228014 101334 286.638
0.1025 1.22506 0.01599 101332 286.636
0.1035 1.22504 0.0113566 101330 286.634
0.1045 1.22503 0.00811945 101328 286.633
0.1055 1.22502 0.00582011 101327 286.633
0.1065 1.22501 0.00417202 101327 286.632
0.1075 1.22501 0.00298596 101326 286.632
0.1085 1.22501 0.00213173 101326 286.631
0.1095 1.22501 0.0015172 101326 286.631
0.1105 1.225 0.00107616 101325 286.631
0.1115 1.225 0.000760594 101325 286.631
0.1125 1.225 0.000535578 101325 286.631
0.1135 1.225 0.000375717 101325 286.631
0.1145 1.225 0.000262574 101325 286.631
0.1155 1.225 0.000182805 101325 286.631
0.1165 1.225 0.000126785 101325 286.631
0.1175 1.225 8.75968e-05 101325 286.631
0.1185 1.225 6.02908e-05 101325 286.631
0.1195 1.225 4.1339e-05 101325 286.631
0.1205 1.225 2.82371e-05 101325 286.631
0.1215 1.225 1.92151e-05 101325 286.631
0.1225 1.225 1.30267e-05 101325 286.631
0.1235 1.225 8.79873e-06 101325 286.631
0.1245 1.225 5.92121e-06 101325 286.631
0.1255 1.225 3.97027e-06 101325 286.631
0.1265 1.225 2.65264e-06 101325 286.631
0.1275 1.225 1.7663e-06 101325 286.631
0.1285 1.225 1.17258e-06 101325 286.631
0.1295 1.225 7.76669e-07 101325 286.631
0.1305 1.225 5.13995e-07 101325 286.631
0.1315 1.225 3.40723e-07 101325 286.631
0.1325 1.225 2.2724e-07 101325 286.631
0.1335 1.225 1.53649e-07 101325 286.631
0.1345 1.225 1.06607e-07 101325 286.631
0.1355 1.225 7.70805e-08 101325 286.631
0.1365 1.225 5.88327e-08 101325 286.631
0.1375 1.225 4.7432e-08 101325 286.631
0.1385 1.225 3.91355e-08 101325 286.631
0.1395 1.225 3.20527e-08 101325 286.631
0.1405 1.225 2.6114e-08 101325 286.631
0.1415 1.225 2.11735e-08 101325 286.631
0.1425 1.225 1.70863e-08 101325 286.631
0.1435 1.225 1.37214e-08 101325 286.631
0.1445 1.225 1.09643e-08 101325 286.631
0.1455 1.225 8.71642e-09 101325 286.631
0.1465 1.225 6.8931e-09 101325 286.631
0.1475 1.225 5.42211e-09 101325 286.631
0.1485 1.225 4.2419e-09 101325 286.631
0.1495 1.225 3.3004e-09 101325 286.631
0.1505 1.225 2.55369e-09 101325 286.631
0.1515 1.225 1.96499e-09 101325 286.631
0.1525 1.225 1.50362e-09 101325 286.631
0.1535 1.225 1.14426e-09 101325 286.631
0.1545 1.225 8.66081e-10 101325 286.631
0.1555 1.225 6.52069e-10 101325 286.631
0.1565 1.225 4.88446e-10 101325 286.631
0.1575 1.225 3.6417e-10 101325 286.631
0.1585 1.225 2.70402e-10 101325 286.631
0.1595 1.225 2.00166e-10 101325 286.631
0.1605 1.225 1.47968e-10 101325 286.631
0.1615 1.225 1.09558e-10 101325 286.631
0.1625 1.225 8.15853e-11 101325 286.631
0.1635 1.225 6.14606e-11 101325 286.631
0.1645 1.225 4.70419e-11 101325 286.631
0.1655 1.225 3.64188e-11 101325 286.631
0.1665 1.225 2.82843e-11 101325 286.631
0.1675 1.225 2.1894e-11 101325 286.631
0.1685 1.225 1.68728e-11 101325 286.631
0.1695 1.225 1.29411e-11 101325 286.631
0.1705 1.225 9.85927e-12 101325 286.631
0.1715 1.225 7.47421e-12 101325 286.631
0.1725 1.225 5.63861e-12 101325 286.631
0.1735 1.225 4.22495e-12 101325 286.631
0.1745 1.225 3.14511e-12 101325 286.631
0.1755 1.225 2.33056e-12 101325 286.631
0.1765 1.225 1.70899e-12 101325 286.631
0.1775 1.225 1.24258e-12 101325 286.631
0.1785 1.225 8.99638e-13 101325 286.631
0.1795 1.225 6.43645e-13 101325 286.631
0.1805 1.225 4.5097e-13 101325 286.631
0.1815 1.225 3.19142e-13 101325 286.631
0.1825 1.225 2.14617e-13 101325 286.631
0.1835 1.225 1.43315e-13 101325 286.631
0.1845 1.225 9.12919e-14 101325 286.631
0.1855 1.225 4.63197e-14 101325 286.631
0.1865 1.225 2.34947e-14 101325 286.631
0.1875 1.225 1.15135e-14 101325 286.631
0.1885 1.225 2.40735e-36 101325 286.631
0.1895 1.225 9.35687e-37 101325 286.631
0.1905 1.225 3.61868e-37 101325 286.631
0.1915 1.225 1.39251e-37 101325 286.631
0.1925 1.225 5.33184e-38 101325 286.631
0.1935 1.225 2.03134e-38 101325 286.631
0.1945 1.225 7.70047e-39 101325 286.631
0.1955 1.225 2.90456e-39 101325 286.631
0.1965 1.225 1.09011e-39 101325 286.631
0.1975 1.225 4.07091e-40 101325 286.631
0.1985 1.225 1.51265e-40 101325 286.631
0.1995 1.225 5.59264e-41 101325 286.631
0.2005 1.225 0 101325 286.631
0.2015 1.225 0 101325 286.631
0.2025 1.225 0 101325 286.631
0.2035 1.225 0 101325 286.631
