0.003 0.101966 -525.991 2.08479e+06 20900
0.005 0.107762 245.045 2.23285e+06 21121.1
0.007 0.0918798 416.788 1.84199e+06 20559.8
0.009 0.0789026 486.871 1.51549e+06 19924.4
0.011 0.0704824 525.801 1.26938e+06 19146.7
0.013 0.0661781 549.346 1.08764e+06 18242.7
0.015 0.0649572 560.689 958033 17341.1
0.017 0.0655275 560.689 868722 16550.1
0.019 0.0675564 546.542 809484 15847
0.021 0.0713663 516.8 771107 15144.4
0.023 0.0767738 473.61 745341 14395.7
0.025 0.0833988 422.995 726584 13581
0.027 0.0906659 370.959 710818 12710.3
0.029 0.0975636 315.339 694174 11850.5
0.031 0.103502 249.995 674636 11062.2
0.033 0.108194 170.009 652034 10391.5
0.035 0.111447 77.1658 625774 9847.72
0.037 0.113299 -18.7489 595064 9398.71
0.039 0.114479 -96.6777 569556 9080.26
0.041 0.115853 -139.164 554198 8873.69
0.043 0.11803 -153.993 546114 8713.95
0.045 0.121173 -152.041 542863 8571.07
0.047 0.124943 -138.21 542784 8445.16
0.049 0.129426 -111.557 545682 8330.51
0.051 0.134769 -75.5284 551502 8222.94
0.053 0.140898 -31.7283 560361 8125.82
0.055 0.147867 18.0312 571296 8032.04
0.057 0.155766 68.7088 583227 7933.23
0.059 0.164571 117.402 595544 7828.1
0.061 0.174328 163.898 608221 7717.25
0.063 0.185107 208.477 621504 7601.95
0.065 0.196941 252.477 635198 7481.64
0.067 0.20991 296.227 649010 7353.88
0.069 0.224235 338.797 662901 7215.76
0.071 0.240304 379.696 677034 7063.2
0.073 0.258494 418.941 691278 6891.04
0.075 0.279123 456.722 705413 6694.24
0.077 0.302396 491.696 719694 6471.89
0.079 0.32816 524.193 734376 6228.61
0.081 0.356324 554.663 748649 5964.09
0.083 0.386799 583.7 762125 5683.24
0.085 0.420237 611.909 774297 5386.19
0.087 0.458469 631.666 785555 5073.35
0.089 0.497194 638.369 791211 4779.61
0.091 0.532687 636.169 789774 4526.82
0.093 0.565137 624.915 779741 4296.35
0.095 0.59447 606.069 760737 4073.85
0.097 0.620643 582.571 736611 3861.21
0.099 0.645035 560.931 716719 3677.18
0.101 0.669177 548.388 704196 3524.46
0.103 0.696517 548.957 698941 3389.98
0.105 0.732261 562.037 702007 3260.2
0.107 0.77947 584.947 712679 3125.69
0.109 0.838692 614.183 728160 2980.41
0.111 0.909574 644.901 746867 2827.19
0.113 0.991041 674.022 769326 2678.25
0.115 1.0816 701.146 795017 2539.28
0.117 1.18035 727.185 822944 2410.56
0.119 1.28764 752.723 852318 2289.79
0.121 1.40486 777.974 883067 2175.44
0.123 1.53367 802.968 916113 2067.89
0.125 1.67559 827.965 952257 1967.77
0.127 1.83381 853.216 992263 1873.76
0.129 2.00998 879.783 1.03854e+06 1789.44
0.131 2.22278 908.176 1.09085e+06 1699.89
0.133 2.44979 928.051 1.13467e+06 1604.39
0.135 2.61615 931.913 1.15323e+06 1527.06
0.137 2.71605 924.12 1.15245e+06 1469.96
0.139 2.7632 912.248 1.12655e+06 1412.43
0.141 2.77973 890.292 1.05923e+06 1320.21
0.143 2.74346 836.253 940074 1187.18
0.145 2.56419 710.561 733501 991.168
0.147 2.10738 520.272 477864 785.751
0.149 1.65608 354.66 318455 666.346
0.151 1.46456 259.903 242548 573.859
0.153 1.40101 213.513 209508 518.205
0.155 1.38743 187.54 194141 484.857
0.157 1.39293 167.248 186751 464.586
0.159 1.41341 147.124 184275 451.761
0.161 1.45132 125.755 184853 441.375
0.163 1.50841 102.107 187406 430.537
0.165 1.58805 74.6036 192214 419.431
0.167 1.69473 42.5238 200101 409.147
0.169 1.84265 6.07809 211696 398.119
0.171 2.01288 -33.2028 227529 391.693
0.173 2.12615 -77.6056 246388 401.558
0.175 2.15298 -118.02 260272 418.909
0.177 2.1374 -144.349 267824 434.215
0.179 2.09244 -160.251 273062 452.212
0.181 2.01535 -170.496 277066 476.389
0.183 1.906 -180.013 279168 507.539
0.185 1.76408 -190.868 278997 548.007
0.187 1.58341 -203.472 277036 606.265
0.189 1.38415 -214.692 272863 683.089
0.191 1.22171 -220.281 267898 759.818
0.193 1.11529 -222.646 264714 822.438
0.195 1.0505 -223.439 263630 869.564
0.197 1.01515 -221.99 264142 901.585
0.199 0.99929 -218.707 267220 926.594
0.201 0.994512 -214.717 270226 941.478
0.203 0.994023 -212.832 270611 943.29
0.205 0.994413 -213.525 270712 943.268
