0.0025 1.22362 3.87857 2.45211e+06 5866.2
0.0035 1.2237 8.84248 2.4376e+06 5837.51
0.0045 1.2241 11.1567 2.41327e+06 5788.39
0.0055 1.22419 13.5187 2.38411e+06 5730.34
0.0065 1.22427 15.5627 2.35025e+06 5662.76
0.0075 1.22434 17.4456 2.31233e+06 5586.73
0.0085 1.22439 19.1568 2.27054e+06 5502.58
0.0095 1.22445 20.6893 2.22529e+06 5411.2
0.0105 1.22455 21.9835 2.17707e+06 5313.72
0.0115 1.22466 22.9409 2.12649e+06 5211.72
0.0125 1.22484 23.4908 2.07441e+06 5107.12
0.0135 1.22496 23.7544 2.02135e+06 5001.62
0.0145 1.22523 23.4866 1.96869e+06 4897.76
0.0155 1.22527 22.6186 1.91711e+06 4797.77
0.0165 1.22524 21.8696 1.86728e+06 4702.35
0.0175 1.22532 20.9979 1.81958e+06 4611.54
0.0185 1.22524 20.0261 1.77381e+06 4525.35
0.0195 1.22511 19.5025 1.72957e+06 4442.39
0.0205 1.2252 19.0541 1.68681e+06 4361.61
0.0215 1.22581 18.8622 1.64414e+06 4279.35
0.0225 1.20485 52.9303 1.54949e+06 4148.34
0.0235 1.21734 112.086 1.39054e+06 3793.08
0.0245 1.23143 98.4567 1.16097e+06 3221.61
0.0255 1.23087 77.8218 960421 2692.39
0.0265 1.22972 57.4976 807224 2271.08
0.0275 1.2262 49.3793 686002 1937.24
0.0285 1.22857 42.7303 582583 1642.64
0.0295 1.2286 30.6394 500644 1411.79
0.0305 1.22667 21.2925 443305 1252.14
0.0315 1.22527 18.395 399348 1129.31
0.0325 1.22428 19.7946 356940 1010.22
0.0335 1.22689 22.1054 309218 873.335
0.0345 1.22913 8.48148 275203 775.868
0.0355 1.22368 4.43048 262358 742.929
0.0365 1.22364 12.1206 243914 690.726
0.0375 1.22704 9.2281 220216 621.905
0.0385 1.22466 5.55426 203381 575.476
0.0395 1.22592 4.58224 192462 544.025
0.0405 1.22466 2.89753 184208 521.227
0.0415 1.2251 3.63909 177057 500.815
0.0425 1.22467 3.41503 169214 478.795
0.0435 1.225 5.07667 159558 451.358
0.0445 1.2259 3.0613 150211 424.606
0.0455 1.22548 0.335234 146742 414.943
0.0465 1.22488 -0.164862 146680 414.969
0.0475 1.22558 -1.54304 148694 420.427
0.0485 1.22331 1.19934 148907 421.803
0.0495 1.22574 4.0104 143387 405.371
0.0505 1.22529 0.840836 137656 389.309
0.0515 1.22528 -0.380202 137292 388.285
0.0525 1.22475 -0.419308 138192 390.997
0.0535 1.22499 0.314713 138330 391.311
0.0545 1.22477 1.00829 136771 386.97
0.0555 1.22591 -0.916357 136861 386.868
0.0565 1.22395 -0.435286 138078 390.93
0.0575 1.22582 0.262393 138560 391.699
0.0585 1.22428 -0.202308 138327 391.528
0.0595 1.2252 1.27135 137257 388.208
0.0605 1.22508 0.4184 135243 382.554
0.0615 1.22522 -0.306443 135170 382.302
0.0625 1.2247 0.0309085 135442 383.23
0.0635 1.2252 0.363854 135060 381.998
0.0645 1.22512 -0.599148 135328 382.78
0.0655 1.22452 0.267539 135701 384.02
0.0665 1.22517 1.17128 134109 379.315
0.0675 1.22528 -0.0632565 132749 375.436
0.0685 1.22512 -1.12347 134189 379.556
0.0695 1.22456 -0.261226 135751 384.147
0.0705 1.22506 0.592827 135389 382.971
0.0715 1.22503 0.332499 134271 379.819
0.0725 1.22545 -0.999046 135077 381.966
0.0735 1.2245 -0.891296 137128 388.066
0.0745 1.2249 0.918591 137102 387.866
0.0755 1.22552 -0.360365 136519 386.026
0.0765 1.22444 -0.100502 136924 387.504
0.0775 1.22532 0.648047 136425 385.818
0.0785 1.22514 -0.745887 136531 386.177
0.0795 1.22468 -0.305278 137694 389.611
0.0805 1.22502 0.446769 137558 389.119
0.0815 1.22501 0.358929 136585 386.369
0.0825 1.22534 -0.580803 136887 387.121
0.0835 1.22448 -0.298057 137907 390.278
0.0845 1.22502 1.28337 136758 386.854
0.0855 1.22533 0.146183 135074 381.999
0.0865 1.22481 0.121765 134841 381.498
0.0875 1.22518 0.164598 134580 380.645
0.0885 1.22491 -0.14548 134533 380.595
0.0895 1.225 0.119766 134567 380.666
0.0905 1.22482 0.549683 133817 378.596
0.0915 1.22512 0.704525 132470 374.698
0.0925 1.22503 0.28432 131293 371.394
0.0935 1.22515 -0.160977 131179 371.038
0.0945 1.22491 -0.236523 131622 372.363
0.0955 1.2249 0.344751 131498 372.014
0.0965 1.22514 0.272544 130836 370.069
0.0975 1.22506 -0.265385 130814 370.029
0.0985 1.22494 -0.278987 131427 371.798
0.0995 1.22484 0.333182 131358 371.633
0.1005 1.22532 -0.031105 131007 370.497
0.1015 1.22493 -0.807088 131933 373.233
0.1025 1.2249 -0.271106 133210 376.856
0.1035 1.22494 0.0227565 133452 377.53
0.1045 1.22489 0.43475 132934 376.079
0.1055 1.2251 0.483767 131905 373.105
0.1065 1.22507 0.0218135 131317 371.448
0.1075 1.22511 -0.362015 131703 372.531
0.1085 1.22493 -0.476487 132650 375.264
0.1095 1.22491 -0.0276628 133239 376.933
0.1105 1.22501 0.105232 133130 376.595
0.1115 1.2248 0.656606 132242 374.147
0.1125 1.22533 0.375116 131145 370.884
0.1135 1.22495 -0.453868 131214 371.196
0.1145 1.22491 -0.011253 131759 372.748
0.1155 1.22516 -0.322727 132133 373.729
0.1165 1.22471 0.042608 132377 374.555
0.1175 1.2252 0.285191 132086 373.584
0.1185 1.22483 0.193813 131499 372.036
0.1195 1.22524 0.00686971 131336 371.455
0.1205 1.22475 0.038233 131215 371.257
0.1215 1.22529 -0.088843 131351 371.478
0.1225 1.22483 -0.456472 131888 373.137
0.1235 1.22519 -0.519287 133023 376.239
0.1245 1.22466 -0.273464 133902 378.888
0.1255 1.22499 0.697611 133444 377.49
0.1265 1.22509 0.419235 132099 373.656
0.1275 1.22508 0.093963 131563 372.143
0.1285 1.22508 -0.269764 131802 372.82
0.1295 1.22486 -0.083769 132165 373.911
0.1305 1.22512 -0.0288833 132325 374.287
0.1315 1.22484 -0.0340153 132398 374.575
0.1325 1.22495 0.611699 131729 372.653
0.1335 1.22522 0.0695148 130971 370.423
0.1345 1.22482 0.0515544 130820 370.12
0.1355 1.2253 -0.300803 131168 370.958
0.1365 1.22469 -0.283886 131727 372.722
0.1375 1.22511 0.293255 131773 372.726
0.1385 1.225 -0.0574168 131500 371.988
0.1395 1.2249 0.224871 131313 371.492
0.1405 1.22508 0.304482 130738 369.81
0.1415 1.22502 0.018645 130361 368.76
0.1425 1.22519 -0.571322 131009 370.544
0.1435 1.22461 0.0146478 131543 372.227
0.1445 1.22537 0.0719495 131557 372.04
0.1455 1.22475 -0.273147 131689 372.599
0.1465 1.22509 0.20132 131819 372.864
0.1475 1.22497 0.00218369 131587 372.244
0.1485 1.225 0.104592 131461 371.88
0.1495 1.22503 0.0177125 131318 371.466
0.1505 1.22499 -0.0080152 131314 371.465
0.1515 1.22508 -0.230123 131592 372.223
0.1525 1.22477 0.208004 131570 372.255
0.1535 1.22521 0.282495 131090 370.768
0.1545 1.22477 0.124919 130661 369.683
0.1555 1.22485 0.925701 129573 366.582
0.1565 1.22495 1.21862 127106 359.573
0.1575 1.22506 1.05595 124527 352.247
0.1585 1.22498 0.955708 122320 346.026
0.1595 1.225 1.03475 120118 339.791
0.1605 1.22501 0.990909 117850 333.374
0.1615 1.22501 0.963177 115682 327.239
0.1625 1.22501 0.931956 113578 321.288
0.1635 1.22502 0.894771 111549 315.548
0.1645 1.22502 0.847317 109612 310.068
0.1655 1.22502 0.770712 107823 305.008
0.1665 1.225 0.758803 106130 300.222
0.1675 1.22504 0.756563 104415 295.361
0.1685 1.22509 0.521035 102988 291.314
0.1695 1.22505 0.328843 102056 288.685
0.1705 1.22505 0.14178 101546 287.245
0.1715 1.22501 0.0336723 101373 286.763
0.1725 1.225 0.00659285 101334 286.656
0.1735 1.225 0.00120017 101327 286.635
0.1745 1.225 0.000213368 101325 286.631
0.1755 1.225 3.74596e-05 101325 286.631
0.1765 1.225 6.50805e-06 101325 286.631
0.1775 1.225 1.11933e-06 101325 286.631
0.1785 1.225 1.90595e-07 101325 286.631
0.1795 1.225 3.21305e-08 101325 286.631
0.1805 1.225 5.36264e-09 101325 286.631
0.1815 1.225 8.86127e-10 101325 286.631
0.1825 1.225 1.44963e-10 101325 286.631
0.1835 1.225 2.34258e-11 101325 286.631
0.1845 1.225 3.68673e-12 101325 286.631
0.1855 1.225 7.01922e-13 101325 286.631
0.1865 1.225 1.1808e-13 101325 286.631
0.1875 1.225 1.312e-14 101325 286.631
0.1885 1.225 1.89877e-40 101325 286.631
0.1895 1.225 7.38012e-41 101325 286.631
0.1905 1.225 2.85419e-41 101325 286.631
0.1915 1.225 1.09833e-41 101325 286.631
0.1925 1.225 4.20542e-42 101325 286.631
0.1935 1.225 1.6022e-42 101325 286.631
0.1945 1.225 6.07365e-43 101325 286.631
0.1955 1.225 2.29093e-43 101325 286.631
0.1965 1.225 8.59813e-44 101325 286.631
0.1975 1.225 3.21088e-44 101325 286.631
0.1985 1.225 1.19309e-44 101325 286.631
0.1995 1.22729 -6.78789 109173 308.258
0.2005 1.22041 1.62886e-45 115815 328.835
0.2015 1.22729 6.78789 109173 308.258
0.2025 1.22729 6.78789 109173 308.258
0.2035 1.22729 6.78789 109173 308.258
