0.00195312 1.03336 14.633 2.46612e+06 6673.02
0.00273438 0.984082 86.9737 2.32603e+06 6621.72
0.00351563 0.912204 179.018 2.14082e+06 6578.03
0.00429688 0.830756 252.73 1.97314e+06 6618.08
0.00507813 0.743533 320.311 1.82449e+06 6744.48
0.00585938 0.650686 389.067 1.68176e+06 6941.24
0.00664063 0.554059 462.347 1.54054e+06 7202.22
0.00742188 0.462442 540.184 1.40814e+06 7503.93
0.00820313 0.380558 615.148 1.28687e+06 7833.49
0.00898438 0.306523 670.733 1.17208e+06 8219.53
0.00976562 0.23727 687.707 1.04184e+06 8690.93
0.0105469 0.167237 397.752 797569 8964.19
0.0113281 0.0770131 -1241.23 297400 7838.47
0.0121094 0.0283895 -3879.66 58461.8 5616.49
0.0128906 0.0250588 -3800.12 48042.7 5345.62
0.0136719 0.0253143 -3477.96 49096.7 5389.39
0.0144531 0.025762 -3170.81 50614.4 5438.48
0.0152344 0.0263733 -2881.21 52529.8 5490.46
0.0160156 0.0271624 -2608.1 54859.3 5543.14
0.0167969 0.0280888 -2355.12 57452.7 5591.52
0.0175781 0.0290854 -2124.27 60241.8 5639.71
0.0183594 0.0301136 -1914.46 63312.6 5695.59
0.0191406 0.0311633 -1723.64 66686.3 5760.51
0.0199219 0.0322494 -1550.04 70282.2 5826.9
0.0207031 0.0333956 -1392.33 74042.1 5888.9
0.0214844 0.0346164 -1248.77 77950.5 5945.48
0.0222656 0.0359183 -1118.06 82000 5995.81
0.0230469 0.0373041 -998.69 86183.7 6040.27
0.0238281 0.038779 -889.373 90521.3 6079.79
0.0246094 0.0403662 -788.831 94952.8 6110.98
0.0253906 0.0420973 -696.686 99403.6 6130.01
0.0261719 0.0439959 -612.082 103883 6137.14
0.0269531 0.0460795 -534.268 108351 6131.16
0.0277344 0.0483675 -462.151 112848 6113.21
0.0285156 0.0508857 -395.289 117350 6082.15
0.0292969 0.0536698 -333.08 121855 6036.92
0.0300781 0.0567588 -275.195 126381 5976.85
0.0308594 0.0601845 -221.241 130933 5901.53
0.0316406 0.0639698 -170.548 135482 5810.04
0.0324219 0.0681355 -122.451 140084 5704.24
0.0332031 0.0727153 -76.3511 144674 5581.12
0.0339844 0.0777877 -32.1088 149288 5440.41
0.0347656 0.0834497 9.69342 153932 5280.3
0.0355469 0.0898073 48.5337 158697 5102.84
0.0363281 0.0969356 84.1291 163665 4914.1
0.0371094 0.104847 116.606 168859 4722.37
0.0378906 0.113495 146.65 174395 4540.9
0.0386719 0.122787 176.316 180017 4371.92
0.0394531 0.132737 205.718 185579 4215.31
0.0402344 0.143432 234.334 191283 4073.32
0.0410156 0.155011 261.788 197204 3943.19
0.0417969 0.167638 287.818 203344 3819.61
0.0425781 0.181474 312.264 209781 3699.45
0.0433594 0.196628 335.168 216557 3580.46
0.0441406 0.213129 356.928 223765 3462.24
0.0449219 0.23095 378.572 231317 3343.35
0.0457031 0.250072 400.782 239040 3222.76
0.0464844 0.270692 423.795 246954 3099.92
0.0472656 0.292945 447.292 255014 2975.06
0.0480469 0.317735 471.797 263764 2848.98
0.0488281 0.345 491.54 273095 2724.7
0.0496094 0.37031 499.682 280130 2608.81
0.0503906 0.391418 497.552 283527 2501.25
0.0511719 0.408491 487.019 281837 2384.72
0.0519531 0.421475 468.558 272897 2239.88
0.0527344 0.42933 433.591 256526 2068.32
0.0535156 0.431005 361.64 230383 1851.2
0.0542969 0.41609 252.49 196342 1634.64
0.0550781 0.392359 156.722 168896 1491.39
0.0558594 0.38308 110.018 154788 1399.96
0.0566406 0.387108 93.6036 149346 1336.7
0.0574219 0.403693 90.0613 148342 1273.18
0.0582031 0.432925 93.6726 149160 1193.78
0.0589844 0.471564 104.572 151280 1111.62
0.0597656 0.51603 120.485 155209 1042.23
0.0605469 0.564336 139.161 160919 988.069
0.0613281 0.616611 158.991 167916 943.583
0.0621094 0.674699 178.758 175553 901.574
0.0628906 0.74094 197.496 183378 857.553
0.0636719 0.816941 214.752 191201 811.013
0.0644531 0.90317 230.664 199250 764.462
0.0652344 1.00002 246.097 207946 720.557
0.0660156 1.10778 261.409 217925 681.677
0.0667969 1.23067 279.013 229567 646.409
0.0675781 1.36624 294.191 240639 610.326
0.0683594 1.48702 300.847 247559 576.891
0.0691406 1.57881 301.598 250718 550.252
0.0699219 1.64751 298.593 251519 529.028
0.0707031 1.69915 293.61 250842 511.537
0.0714844 1.73886 287.955 247874 493.969
0.0722656 1.76977 281.726 241943 473.723
0.0730469 1.79266 273.228 233865 452.054
0.0738281 1.80806 261.542 227098 435.252
0.0746094 1.81869 251.831 223400 425.664
0.0753906 1.83276 247.124 222050 419.82
0.0761719 1.85743 244.305 222200 414.538
0.0769531 1.89596 242.43 223299 408.111
0.0777344 1.94787 242.66 225783 401.674
0.0785156 2.01091 245.829 230166 396.617
0.0792969 2.08271 252.294 236838 394.031
0.0800781 2.16231 261.987 246099 394.37
0.0808594 2.24898 274.284 257866 397.315
0.0816406 2.34793 289.224 272654 402.412
0.0824219 2.45059 304.039 288280 407.637
0.0832031 2.53291 314.585 300374 410.946
0.0839844 2.59016 321.051 308512 412.737
0.0847656 2.62471 324.38 313278 413.61
0.0855469 2.64128 325.382 315488 413.896
0.0863281 2.64608 325.176 316072 413.898
0.0871094 2.64436 323.943 315734 413.729
0.0878906 2.63407 320.725 314040 413.136
0.0886719 2.60774 314.685 309844 411.724
0.0894531 2.5566 304.733 301751 408.984
0.0902344 2.47095 289.074 288134 404.079
0.0910156 2.34005 265.328 267315 395.856
0.0917969 2.15768 226.997 236617 379.997
0.0925781 1.89896 173.344 195986 357.62
0.0933594 1.63726 116.557 158537 335.528
0.0941406 1.464 71.4075 133841 316.793
0.0949219 1.3577 40.4885 118910 303.493
0.0957031 1.29608 21.6575 110480 295.391
0.0964844 1.26197 11.1266 105966 290.973
0.0972656 1.2438 5.57098 103637 288.728
0.0980469 1.23442 2.74974 102460 287.633
0.0988281 1.22969 1.3513 101881 287.11
0.0996094 1.22735 0.669103 101600 286.863
0.100391 1.2262 0.33865 101464 286.746
0.101172 1.22563 0.17812 101398 286.691
0.101953 1.22535 0.0989684 101366 286.664
0.102734 1.22521 0.0587589 101349 286.65
0.103516 1.22513 0.037354 101340 286.643
0.104297 1.22509 0.0252302 101335 286.639
0.105078 1.22506 0.0178625 101332 286.636
0.105859 1.22505 0.0130684 101330 286.635
0.106641 1.22503 0.00976443 101329 286.634
0.107422 1.22503 0.00738788 101328 286.633
0.108203 1.22502 0.0056284 101327 286.632
0.108984 1.22502 0.00430208 101327 286.632
0.109766 1.22501 0.00329179 101326 286.632
0.110547 1.22501 0.00251797 101326 286.631
0.111328 1.22501 0.00192385 101326 286.631
0.112109 1.22501 0.00146748 101326 286.631
0.112891 1.225 0.00111717 101325 286.631
0.113672 1.225 0.000848656 101325 286.631
0.114453 1.225 0.00064322 101325 286.631
0.115234 1.225 0.000486377 101325 286.631
0.116016 1.225 0.000366906 101325 286.631
0.116797 1.225 0.000276117 101325 286.631
0.117578 1.225 0.000207292 101325 286.631
0.118359 1.225 0.000155246 101325 286.631
0.119141 1.225 0.000115986 101325 286.631
0.119922 1.225 8.6444e-05 101325 286.631
0.120703 1.225 6.42707e-05 101325 286.631
0.121484 1.225 4.76695e-05 101325 286.631
0.122266 1.225 3.52712e-05 101325 286.631
0.123047 1.225 2.60349e-05 101325 286.631
0.123828 1.225 1.91712e-05 101325 286.631
0.124609 1.225 1.40832e-05 101325 286.631
0.125391 1.225 1.03208e-05 101325 286.631
0.126172 1.225 7.5453e-06 101325 286.631
0.126953 1.225 5.50266e-06 101325 286.631
0.127734 1.225 4.00303e-06 101325 286.631
0.128516 1.225 2.90477e-06 101325 286.631
0.129297 1.225 2.10255e-06 101325 286.631
0.130078 1.225 1.51819e-06 101325 286.631
0.130859 1.225 1.09381e-06 101325 286.631
0.131641 1.225 7.86685e-07 101325 286.631
0.132422 1.225 5.6533e-07 101325 286.631
0.133203 1.225 4.06611e-07 101325 286.631
0.133984 1.225 2.93583e-07 101325 286.631
0.134766 1.225 2.13848e-07 101325 286.631
0.135547 1.225 1.58309e-07 101325 286.631
0.136328 1.225 1.2025e-07 101325 286.631
0.137109 1.225 9.47271e-08 101325 286.631
0.137891 1.225 7.80207e-08 101325 286.631
0.138672 1.225 6.69353e-08 101325 286.631
0.139453 1.225 5.84196e-08 101325 286.631
0.140234 1.225 5.081e-08 101325 286.631
0.141016 1.225 4.39587e-08 101325 286.631
0.141797 1.225 3.7875e-08 101325 286.631
0.142578 1.225 3.25129e-08 101325 286.631
0.143359 1.225 2.78107e-08 101325 286.631
0.144141 1.225 2.37055e-08 101325 286.631
0.144922 1.225 2.01362e-08 101325 286.631
0.145703 1.225 1.70452e-08 101325 286.631
0.146484 1.225 1.43788e-08 101325 286.631
0.147266 1.225 1.20875e-08 101325 286.631
0.148047 1.225 1.0126e-08 101325 286.631
0.148828 1.225 8.45322e-09 101325 286.631
0.149609 1.225 7.03207e-09 101325 286.631
0.150391 1.225 5.82931e-09 101325 286.631
0.151172 1.225 4.81525e-09 101325 286.631
0.151953 1.225 3.96356e-09 101325 286.631
0.152734 1.225 3.25097e-09 101325 286.631
0.153516 1.225 2.65705e-09 101325 286.631
0.154297 1.225 2.16393e-09 101325 286.631
0.155078 1.225 1.75608e-09 101325 286.631
0.155859 1.225 1.42003e-09 101325 286.631
0.156641 1.225 1.1442e-09 101325 286.631
0.157422 1.225 9.18663e-10 101325 286.631
0.158203 1.225 7.34995e-10 101325 286.631
0.158984 1.225 5.8602e-10 101325 286.631
0.159766 1.225 4.65703e-10 101325 286.631
0.160547 1.225 3.6898e-10 101325 286.631
0.161328 1.225 2.91602e-10 101325 286.631
0.162109 1.225 2.30048e-10 101325 286.631
0.162891 1.225 1.81387e-10 101325 286.631
0.163672 1.225 1.43205e-10 101325 286.631
0.164453 1.225 1.13452e-10 101325 286.631
0.165234 1.225 9.04079e-11 101325 286.631
0.166016 1.225 7.25715e-11 101325 286.631
0.166797 1.225 5.86134e-11 101325 286.631
0.167578 1.225 4.75352e-11 101325 286.631
0.168359 1.225 3.86478e-11 101325 286.631
0.169141 1.225 3.14605e-11 101325 286.631
0.169922 1.225 2.56102e-11 101325 286.631
0.170703 1.225 2.08418e-11 101325 286.631
0.171484 1.225 1.69329e-11 101325 286.631
0.172266 1.225 1.37382e-11 101325 286.631
0.173047 1.225 1.11188e-11 101325 286.631
0.173828 1.225 8.9786e-12 101325 286.631
0.174609 1.225 7.22648e-12 101325 286.631
0.175391 1.225 5.79868e-12 101325 286.631
0.176172 1.225 4.63827e-12 101325 286.631
0.176953 1.225 3.69568e-12 101325 286.631
0.177734 1.225 2.94264e-12 101325 286.631
0.178516 1.225 2.32806e-12 101325 286.631
0.179297 1.225 1.83587e-12 101325 286.631
0.180078 1.225 1.43818e-12 101325 286.631
0.180859 1.225 1.12238e-12 101325 286.631
0.181641 1.225 8.69542e-13 101325 286.631
0.182422 1.225 6.72717e-13 101325 286.631
0.183203 1.225 5.10007e-13 101325 286.631
0.183984 1.225 3.79646e-13 101325 286.631
0.184766 1.225 2.76815e-13 101325 286.631
0.185547 1.225 1.98769e-13 101325 286.631
0.186328 1.225 1.39683e-13 101325 286.631
0.187109 1.225 9.29621e-14 101325 286.631
0.187891 1.225 6.02622e-14 101325 286.631
0.188672 1.225 3.84498e-14 101325 286.631
0.189453 1.225 2.61049e-14 101325 286.631
0.190234 1.225 1.68781e-14 101325 286.631
0.191016 1.225 1.25602e-14 101325 286.631
0.191797 1.225 4.79016e-15 101325 286.631
0.192578 1.225 1.66779e-15 101325 286.631
0.193359 1.225 2.62058e-38 101325 286.631
0.194141 1.225 1.22944e-38 101325 286.631
0.194922 1.225 5.75033e-39 101325 286.631
0.195703 1.225 2.68134e-39 101325 286.631
0.196484 1.225 1.24648e-39 101325 286.631
0.197266 1.225 5.77691e-40 101325 286.631
0.198047 1.225 2.66919e-40 101325 286.631
0.198828 1.225 1.22953e-40 101325 286.631
0.199609 1.225 5.64638e-41 101325 286.631
0.200391 1.225 2.5851e-41 101325 286.631
0.201172 1.225 1.17994e-41 101325 286.631
0.201953 1.225 1.17994e-41 101325 286.631
0.202734 1.225 1.17994e-41 101325 286.631
