0.0002 1.225 0 2.10113e+06 5159.8
0.0006 1.225 0 2.09953e+06 5156.62
0.001 1.225 0 2.09633e+06 5150.26
0.0014 1.225 0 2.09155e+06 5140.73
0.0018 1.225 0 2.08519e+06 5128.07
0.0022 1.225 0 2.07727e+06 5112.29
0.0026 1.225 0 2.06781e+06 5093.45
0.003 1.225 0 2.05683e+06 5071.66
0.0034 1.225 0 2.04435e+06 5046.99
0.0038 1.225 0 2.03041e+06 5019.42
0.0042 1.225 0 2.01504e+06 4989.14
0.0046 1.225 0 1.99827e+06 4956.25
0.005 1.225 0 1.98015e+06 4920.74
0.0054 1.225 0 1.96071e+06 4882.93
0.0058 1.225 0 1.94e+06 4842.71
0.0062 1.225 0 1.91807e+06 4800.39
0.0066 1.225 0 1.89497e+06 4755.98
0.007 1.225 0 1.87074e+06 4709.59
0.0074 1.225 0 1.84544e+06 4661.47
0.0078 1.225 0 1.81913e+06 4611.57
0.0082 1.225 0 1.79186e+06 4560.02
0.0086 1.225 0 1.7637e+06 4506.92
0.009 1.225 0 1.7347e+06 4452.33
0.0094 1.225 0 1.70492e+06 4396.26
0.0098 1.225 0 1.67442e+06 4338.72
0.0102 1.225 0 1.64327e+06 4279.72
0.0106 1.225 0 1.61153e+06 4219.21
0.011 1.225 0 1.57926e+06 4157.15
0.0114 1.225 0 1.54652e+06 4093.47
0.0118 1.225 0 1.51338e+06 4028.1
0.0122 1.225 0 1.4799e+06 3960.95
0.0126 1.225 0 1.44613e+06 3891.86
0.013 1.225 0 1.41214e+06 3820.69
0.0134 1.225 0 1.37798e+06 3747.52
0.0138 1.225 0 1.34373e+06 3672.34
0.0142 1.225 0 1.30942e+06 3595.02
0.0146 1.225 0 1.27513e+06 3515.57
0.015 1.225 0 1.24089e+06 3434.36
0.0154 1.225 0 1.20677e+06 3351.29
0.0158 1.225 0 1.17281e+06 3266.77
0.0162 1.225 0 1.13907e+06 3181.03
0.0166 1.225 0 1.10558e+06 3094.37
0.017 1.225 0 1.0724e+06 3007.11
0.0174 1.225 0 1.03956e+06 2919.62
0.0178 1.225 0 1.00711e+06 2832.12
0.0182 1.225 0 975082 2745
0.0186 1.225 0 943512 2658.44
0.019 1.225 0 912434 2572.69
0.0194 1.225 0 881878 2487.98
0.0198 1.225 0 851872 2404.47
0.0202 1.225 0 822443 2322.29
0.0206 1.225 0 793613 2241.58
0.021 1.225 0 765405 2162.45
0.0214 1.225 0 737836 2085
0.0218 1.225 0 710925 2009.29
0.0222 1.225 0 684684 1935.39
0.0226 1.225 0 659126 1863.36
0.023 1.225 0 634262 1793.24
0.0234 1.225 0 610098 1725.06
0.0238 1.225 0 586642 1658.84
0.0242 1.225 0 563897 1594.62
0.0246 1.225 0 541866 1532.38
0.025 1.225 0 520548 1472.15
0.0254 1.225 0 499943 1413.93
0.0258 1.225 0 480047 1357.7
0.0262 1.225 0 460857 1303.45
0.0266 1.225 0 442366 1251.18
0.027 1.225 0 424567 1200.86
0.0274 1.225 0 407453 1152.47
0.0278 1.225 0 391012 1105.98
0.0282 1.225 0 375236 1061.37
0.0286 1.225 0 360111 1018.6
0.029 1.225 0 345626 977.639
0.0294 1.225 0 331768 938.446
0.0298 1.225 0 318521 900.983
0.0302 1.225 0 305873 865.21
0.0306 1.225 0 293807 831.084
0.031 1.225 0 282308 798.561
0.0314 1.225 0 271360 767.595
0.0318 1.225 0 260946 738.141
0.0322 1.225 0 251050 710.151
0.0326 1.225 0 241656 683.579
0.033 1.225 0 232746 658.376
0.0334 1.225 0 224303 634.495
0.0338 1.225 0 216310 611.888
0.0342 1.225 0 208751 590.506
0.0346 1.225 0 201609 570.303
0.035 1.225 0 194866 551.232
0.0354 1.225 0 188507 533.245
0.0358 1.225 0 182516 516.297
0.0362 1.225 0 176876 500.342
0.0366 1.225 0 171571 485.337
0.037 1.225 0 166587 471.238
0.0374 1.225 0 161907 458.002
0.0378 1.225 0 157519 445.588
0.0382 1.225 0 153406 433.955
0.0386 1.225 0 149556 423.064
0.039 1.225 0 145955 412.877
0.0394 1.225 0 142589 403.358
0.0398 1.225 0 139447 394.469
0.0402 1.225 0 136516 386.179
0.0406 1.225 0 133785 378.451
0.041 1.225 0 131241 371.256
0.0414 1.225 0 128875 364.563
0.0418 1.225 0 126676 358.341
0.0422 1.225 0 124633 352.564
0.0426 1.225 0 122738 347.203
0.043 1.225 0 120981 342.234
0.0434 1.225 0 119354 337.632
0.0438 1.225 0 117849 333.373
0.0442 1.225 0 116457 329.435
0.0446 1.225 0 115171 325.798
0.045 1.225 0 113984 322.441
0.0454 1.225 0 112890 319.346
0.0458 1.225 0 111882 316.494
0.0462 1.225 0 110954 313.87
0.0466 1.225 0 110101 311.455
0.047 1.225 0 109317 309.237
0.0474 1.225 0 108597 307.201
0.0478 1.225 0 107936 305.333
0.0482 1.225 0 107331 303.621
0.0486 1.225 0 106777 302.053
0.049 1.225 0 106270 300.619
0.0494 1.225 0 105807 299.308
0.0498 1.225 0 105383 298.111
0.0502 1.225 0 104997 297.019
0.0506 1.225 0 104645 296.023
0.051 1.225 0 104324 295.115
0.0514 1.225 0 104032 294.289
0.0518 1.225 0 103767 293.538
0.0522 1.225 0 103526 292.856
0.0526 1.225 0 103307 292.237
0.053 1.225 0 103108 291.675
0.0534 1.225 0 102928 291.166
0.0538 1.225 0 102765 290.705
0.0542 1.225 0 102618 290.288
0.0546 1.225 0 102485 289.911
0.055 1.225 0 102364 289.57
0.0554 1.225 0 102256 289.263
0.0558 1.225 0 102158 288.986
0.0562 1.225 0 102069 288.736
0.0566 1.225 0 101990 288.512
0.057 1.225 0 101919 288.31
0.0574 1.225 0 101854 288.128
0.0578 1.225 0 101797 287.965
0.0582 1.225 0 101745 287.819
0.0586 1.225 0 101699 287.688
0.059 1.225 0 101657 287.571
0.0594 1.225 0 101620 287.466
0.0598 1.225 0 101587 287.372
0.0602 1.225 0 101557 287.288
0.0606 1.225 0 101531 287.213
0.061 1.225 0 101507 287.147
0.0614 1.225 0 101486 287.087
0.0618 1.225 0 101468 287.034
0.0622 1.225 0 101451 286.987
0.0626 1.225 0 101436 286.945
0.063 1.225 0 101423 286.908
0.0634 1.225 0 101411 286.875
0.0638 1.225 0 101401 286.846
0.0642 1.225 0 101392 286.82
0.0646 1.225 0 101384 286.797
0.065 1.225 0 101377 286.777
0.0654 1.225 0 101370 286.759
0.0658 1.225 0 101365 286.743
0.0662 1.225 0 101360 286.729
0.0666 1.225 0 101356 286.717
0.067 1.225 0 101352 286.706
0.0674 1.225 0 101348 286.697
0.0678 1.225 0 101345 286.688
0.0682 1.225 0 101343 286.681
0.0686 1.225 0 101341 286.675
0.069 1.225 0 101339 286.669
0.0694 1.225 0 101337 286.664
0.0698 1.225 0 101335 286.66
0.0702 1.225 0 101334 286.656
0.0706 1.225 0 101333 286.653
0.071 1.225 0 101332 286.65
0.0714 1.225 0 101331 286.647
0.0718 1.225 0 101330 286.645
0.0722 1.225 0 101329 286.643
0.0726 1.225 0 101329 286.641
0.073 1.225 0 101328 286.64
0.0734 1.225 0 101328 286.639
0.0738 1.225 0 101327 286.638
0.0742 1.225 0 101327 286.637
0.0746 1.225 0 101327 286.636
0.075 1.225 0 101327 286.635
0.0754 1.225 0 101326 286.634
0.0758 1.225 0 101326 286.634
0.0762 1.225 0 101326 286.633
0.0766 1.225 0 101326 286.633
0.077 1.225 0 101326 286.633
0.0774 1.225 0 101326 286.632
0.0778 1.225 0 101326 286.632
0.0782 1.225 0 101325 286.632
0.0786 1.225 0 101325 286.632
0.079 1.225 0 101325 286.632
0.0794 1.225 0 101325 286.631
0.0798 1.225 0 101325 286.631
0.0802 1.225 0 101325 286.631
0.0806 1.225 0 101325 286.631
0.081 1.225 0 101325 286.631
0.0814 1.225 0 101325 286.631
0.0818 1.225 0 101325 286.631
0.0822 1.225 0 101325 286.631
0.0826 1.225 0 101325 286.631
0.083 1.225 0 101325 286.631
0.0834 1.225 0 101325 286.631
0.0838 1.225 0 101325 286.631
0.0842 1.225 0 101325 286.631
0.0846 1.225 0 101325 286.631
0.085 1.225 0 101325 286.631
0.0854 1.225 0 101325 286.631
0.0858 1.225 0 101325 286.631
0.0862 1.225 0 101325 286.631
0.0866 1.225 0 101325 286.631
0.087 1.225 0 101325 286.631
0.0874 1.225 0 101325 286.631
0.0878 1.225 0 101325 286.631
0.0882 1.225 0 101325 286.631
0.0886 1.225 0 101325 286.631
0.089 1.225 0 101325 286.631
0.0894 1.225 0 101325 286.631
0.0898 1.225 0 101325 286.631
0.0902 1.225 0 101325 286.631
0.0906 1.225 0 101325 286.631
0.091 1.225 0 101325 286.631
0.0914 1.225 0 101325 286.631
0.0918 1.225 0 101325 286.631
0.0922 1.225 0 101325 286.631
0.0926 1.225 0 101325 286.631
0.093 1.225 0 101325 286.631
0.0934 1.225 0 101325 286.631
0.0938 1.225 0 101325 286.631
0.0942 1.225 0 101325 286.631
0.0946 1.225 0 101325 286.631
0.095 1.225 0 101325 286.631
0.0954 1.225 0 101325 286.631
0.0958 1.225 0 101325 286.631
0.0962 1.225 0 101325 286.631
0.0966 1.225 0 101325 286.631
0.097 1.225 0 101325 286.631
0.0974 1.225 0 101325 286.631
0.0978 1.225 0 101325 286.631
0.0982 1.225 0 101325 286.631
0.0986 1.225 0 101325 286.631
0.099 1.225 0 101325 286.631
0.0994 1.225 0 101325 286.631
0.0998 1.225 0 101325 286.631
0.1002 1.225 0 101325 286.631
0.1006 1.225 0 101325 286.631
0.101 1.225 0 101325 286.631
0.1014 1.225 0 101325 286.631
0.1018 1.225 0 101325 286.631
0.1022 1.225 0 101325 286.631
0.1026 1.225 0 101325 286.631
0.103 1.225 0 101325 286.631
0.1034 1.225 0 101325 286.631
0.1038 1.225 0 101325 286.631
0.1042 1.225 0 101325 286.631
0.1046 1.225 0 101325 286.631
0.105 1.225 0 101325 286.631
0.1054 1.225 0 101325 286.631
0.1058 1.225 0 101325 286.631
0.1062 1.225 0 101325 286.631
0.1066 1.225 0 101325 286.631
0.107 1.225 0 101325 286.631
0.1074 1.225 0 101325 286.631
0.1078 1.225 0 101325 286.631
0.1082 1.225 0 101325 286.631
0.1086 1.225 0 101325 286.631
0.109 1.225 0 101325 286.631
0.1094 1.225 0 101325 286.631
0.1098 1.225 0 101325 286.631
0.1102 1.225 0 101325 286.631
0.1106 1.225 0 101325 286.631
0.111 1.225 0 101325 286.631
0.1114 1.225 0 101325 286.631
0.1118 1.225 0 101325 286.631
0.1122 1.225 0 101325 286.631
0.1126 1.225 0 101325 286.631
0.113 1.225 0 101325 286.631
0.1134 1.225 0 101325 286.631
0.1138 1.225 0 101325 286.631
0.1142 1.225 0 101325 286.631
0.1146 1.225 0 101325 286.631
0.115 1.225 0 101325 286.631
0.1154 1.225 0 101325 286.631
0.1158 1.225 0 101325 286.631
0.1162 1.225 0 101325 286.631
0.1166 1.225 0 101325 286.631
0.117 1.225 0 101325 286.631
0.1174 1.225 0 101325 286.631
0.1178 1.225 0 101325 286.631
0.1182 1.225 0 101325 286.631
0.1186 1.225 0 101325 286.631
0.119 1.225 0 101325 286.631
0.1194 1.225 0 101325 286.631
0.1198 1.225 0 101325 286.631
0.1202 1.225 0 101325 286.631
0.1206 1.225 0 101325 286.631
0.121 1.225 0 101325 286.631
0.1214 1.225 0 101325 286.631
0.1218 1.225 0 101325 286.631
0.1222 1.225 0 101325 286.631
0.1226 1.225 0 101325 286.631
0.123 1.225 0 101325 286.631
0.1234 1.225 0 101325 286.631
0.1238 1.225 0 101325 286.631
0.1242 1.225 0 101325 286.631
0.1246 1.225 0 101325 286.631
0.125 1.225 0 101325 286.631
0.1254 1.225 0 101325 286.631
0.1258 1.225 0 101325 286.631
0.1262 1.225 0 101325 286.631
0.1266 1.225 0 101325 286.631
0.127 1.225 0 101325 286.631
0.1274 1.225 0 101325 286.631
0.1278 1.225 0 101325 286.631
0.1282 1.225 0 101325 286.631
0.1286 1.225 0 101325 286.631
0.129 1.225 0 101325 286.631
0.1294 1.225 0 101325 286.631
0.1298 1.225 0 101325 286.631
0.1302 1.225 0 101325 286.631
0.1306 1.225 0 101325 286.631
0.131 1.225 0 101325 286.631
0.1314 1.225 0 101325 286.631
0.1318 1.225 0 101325 286.631
0.1322 1.225 0 101325 286.631
0.1326 1.225 0 101325 286.631
0.133 1.225 0 101325 286.631
0.1334 1.225 0 101325 286.631
0.1338 1.225 0 101325 286.631
0.1342 1.225 0 101325 286.631
0.1346 1.225 0 101325 286.631
0.135 1.225 0 101325 286.631
0.1354 1.225 0 101325 286.631
0.1358 1.225 0 101325 286.631
0.1362 1.225 0 101325 286.631
0.1366 1.225 0 101325 286.631
0.137 1.225 0 101325 286.631
0.1374 1.225 0 101325 286.631
0.1378 1.225 0 101325 286.631
0.1382 1.225 0 101325 286.631
0.1386 1.225 0 101325 286.631
0.139 1.225 0 101325 286.631
0.1394 1.225 0 101325 286.631
0.1398 1.225 0 101325 286.631
0.1402 1.225 0 101325 286.631
0.1406 1.225 0 101325 286.631
0.141 1.225 0 101325 286.631
0.1414 1.225 0 101325 286.631
0.1418 1.225 0 101325 286.631
0.1422 1.225 0 101325 286.631
0.1426 1.225 0 101325 286.631
0.143 1.225 0 101325 286.631
0.1434 1.225 0 101325 286.631
0.1438 1.225 0 101325 286.631
0.1442 1.225 0 101325 286.631
0.1446 1.225 0 101325 286.631
0.145 1.225 0 101325 286.631
0.1454 1.225 0 101325 286.631
0.1458 1.225 0 101325 286.631
0.1462 1.225 0 101325 286.631
0.1466 1.225 0 101325 286.631
0.147 1.225 0 101325 286.631
0.1474 1.225 0 101325 286.631
0.1478 1.225 0 101325 286.631
0.1482 1.225 0 101325 286.631
0.1486 1.225 0 101325 286.631
0.149 1.225 0 101325 286.631
0.1494 1.225 0 101325 286.631
0.1498 1.225 0 101325 286.631
0.1502 1.225 0 101325 286.631
0.1506 1.225 0 101325 286.631
0.151 1.225 0 101325 286.631
0.1514 1.225 0 101325 286.631
0.1518 1.225 0 101325 286.631
0.1522 1.225 0 101325 286.631
0.1526 1.225 0 101325 286.631
0.153 1.225 0 101325 286.631
0.1534 1.225 0 101325 286.631
0.1538 1.225 0 101325 286.631
0.1542 1.225 0 101325 286.631
0.1546 1.225 0 101325 286.631
0.155 1.225 0 101325 286.631
0.1554 1.225 0 101325 286.631
0.1558 1.225 0 101325 286.631
0.1562 1.225 0 101325 286.631
0.1566 1.225 0 101325 286.631
0.157 1.225 0 101325 286.631
0.1574 1.225 0 101325 286.631
0.1578 1.225 0 101325 286.631
0.1582 1.225 0 101325 286.631
0.1586 1.225 0 101325 286.631
0.159 1.225 0 101325 286.631
0.1594 1.225 0 101325 286.631
0.1598 1.225 0 101325 286.631
0.1602 1.225 0 101325 286.631
0.1606 1.225 0 101325 286.631
0.161 1.225 0 101325 286.631
0.1614 1.225 0 101325 286.631
0.1618 1.225 0 101325 286.631
0.1622 1.225 0 101325 286.631
0.1626 1.225 0 101325 286.631
0.163 1.225 0 101325 286.631
0.1634 1.225 0 101325 286.631
0.1638 1.225 0 101325 286.631
0.1642 1.225 0 101325 286.631
0.1646 1.225 0 101325 286.631
0.165 1.225 0 101325 286.631
0.1654 1.225 0 101325 286.631
0.1658 1.225 0 101325 286.631
0.1662 1.225 0 101325 286.631
0.1666 1.225 0 101325 286.631
0.167 1.225 0 101325 286.631
0.1674 1.225 0 101325 286.631
0.1678 1.225 0 101325 286.631
0.1682 1.225 0 101325 286.631
0.1686 1.225 0 101325 286.631
0.169 1.225 0 101325 286.631
0.1694 1.225 0 101325 286.631
0.1698 1.225 0 101325 286.631
0.1702 1.225 0 101325 286.631
0.1706 1.225 0 101325 286.631
0.171 1.225 0 101325 286.631
0.1714 1.225 0 101325 286.631
0.1718 1.225 0 101325 286.631
0.1722 1.225 0 101325 286.631
0.1726 1.225 0 101325 286.631
0.173 1.225 0 101325 286.631
0.1734 1.225 0 101325 286.631
0.1738 1.225 0 101325 286.631
0.1742 1.225 0 101325 286.631
0.1746 1.225 0 101325 286.631
0.175 1.225 0 101325 286.631
0.1754 1.225 0 101325 286.631
0.1758 1.225 0 101325 286.631
0.1762 1.225 0 101325 286.631
0.1766 1.225 0 101325 286.631
0.177 1.225 0 101325 286.631
0.1774 1.225 0 101325 286.631
0.1778 1.225 0 101325 286.631
0.1782 1.225 0 101325 286.631
0.1786 1.225 0 101325 286.631
0.179 1.225 0 101325 286.631
0.1794 1.225 0 101325 286.631
0.1798 1.225 0 101325 286.631
0.1802 1.225 0 101325 286.631
0.1806 1.225 0 101325 286.631
0.181 1.225 0 101325 286.631
0.1814 1.225 0 101325 286.631
0.1818 1.225 0 101325 286.631
0.1822 1.225 0 101325 286.631
0.1826 1.225 0 101325 286.631
0.183 1.225 0 101325 286.631
0.1834 1.225 0 101325 286.631
0.1838 1.225 0 101325 286.631
0.1842 1.225 0 101325 286.631
0.1846 1.225 0 101325 286.631
0.185 1.225 0 101325 286.631
0.1854 1.225 0 101325 286.631
0.1858 1.225 0 101325 286.631
0.1862 1.225 0 101325 286.631
0.1866 1.225 0 101325 286.631
0.187 1.225 0 101325 286.631
0.1874 1.225 0 101325 286.631
0.1878 1.225 0 101325 286.631
0.1882 1.225 0 101325 286.631
0.1886 1.225 0 101325 286.631
0.189 1.225 0 101325 286.631
0.1894 1.225 0 101325 286.631
0.1898 1.225 0 101325 286.631
0.1902 1.225 0 101325 286.631
0.1906 1.225 0 101325 286.631
0.191 1.225 0 101325 286.631
0.1914 1.225 0 101325 286.631
0.1918 1.225 0 101325 286.631
0.1922 1.225 0 101325 286.631
0.1926 1.225 0 101325 286.631
0.193 1.225 0 101325 286.631
0.1934 1.225 0 101325 286.631
0.1938 1.225 0 101325 286.631
0.1942 1.225 0 101325 286.631
0.1946 1.225 0 101325 286.631
0.195 1.225 0 101325 286.631
0.1954 1.225 0 101325 286.631
0.1958 1.225 0 101325 286.631
0.1962 1.225 0 101325 286.631
0.1966 1.225 0 101325 286.631
0.197 1.225 0 101325 286.631
0.1974 1.225 0 101325 286.631
0.1978 1.225 0 101325 286.631
0.1982 1.225 0 101325 286.631
0.1986 1.225 0 101325 286.631
0.199 1.225 0 101325 286.631
0.1994 1.225 0 101325 286.631
0.1998 1.225 0 101325 286.631
0.2002 1.225 0 101325 286.631
0.2006 1.225 0 101325 286.631
0.201 1.225 0 101325 286.631
0.2014 1.225 0 101325 286.631
