0.00025 0.0207544 -33.6256 572725 24469.8
0.00075 0.0205004 13.3537 565295 24449.8
0.00125 0.0205004 -13.3537 565295 24449.8
0.00175 0.0207544 33.6256 572725 24469.8
0.00225 0.0210624 70.1437 579821 24434.9
0.00275 0.0214121 102.639 586757 24363.7
0.00325 0.0217908 132.221 593601 24267.4
0.00375 0.0221914 160.673 600441 24157.8
0.00425 0.0226107 188.159 607246 24035.5
0.00475 0.0230509 214.652 614043 23901
0.00525 0.0235145 240.728 620794 23752.9
0.00575 0.0240057 266.052 627555 23589.5
0.00625 0.0245273 291.374 634260 23409.5
0.00675 0.025084 316.44 641019 23212.3
0.00725 0.0256779 341.431 647629 22994.4
0.00775 0.0263155 366.457 654294 22758.7
0.00825 0.0270047 392.227 660905 22501.5
0.00875 0.0277467 417.763 667482 22223.6
0.00925 0.0285573 444.2 674151 21927.5
0.00975 0.0294307 470.162 680645 21612
0.01025 0.0303946 497.071 687399 21279.3
0.01075 0.0314316 522.536 693945 20939
0.01125 0.032565 548.569 700625 20590.2
0.01175 0.0337759 572.452 707261 20246.8
0.01225 0.0350906 595.933 713828 19901.2
0.01275 0.0364998 617.224 720440 19566.2
0.01325 0.0379861 636.544 726944 19245.6
0.01375 0.0395476 653.571 733398 18943.1
0.01425 0.0412012 668.396 739825 18652.2
0.01475 0.0429232 680.249 746125 18376.8
0.01525 0.0447199 689.515 752336 18114.3
0.01575 0.0466292 696.003 758427 17857.5
0.01625 0.0486106 699.465 764289 17611.2
0.01675 0.0506591 700.235 770100 17375.5
0.01725 0.0528182 698.005 775934 17144.1
0.01775 0.0550634 692.833 781618 16918.2
0.01825 0.0573821 684.894 787256 16699
0.01875 0.059803 674.631 792941 16482.3
0.01925 0.0623151 662.128 798628 16268.5
0.01975 0.0649017 647.617 804277 16058.2
0.02025 0.067575 631.016 809935 15849.2
0.02075 0.0703438 612.671 815731 15641.3
0.02125 0.0731985 592.694 821704 15434.8
0.02175 0.0761217 571.364 827813 15229.9
0.02225 0.0791044 548.897 834035 15027.1
0.02275 0.0821679 524.658 840594 14825.1
0.02325 0.0853178 498.521 847512 14623.9
0.02375 0.0885349 471.014 854689 14423.7
0.02425 0.0917959 442.503 862026 14224.6
0.02475 0.0950902 413.281 869470 14028.1
0.02525 0.0984158 383.635 876878 13830.8
0.02575 0.10177 353.704 884241 13634.7
0.02625 0.105139 323.713 891442 13438.4
0.02675 0.108496 294.007 898443 13244.4
0.02725 0.111809 264.451 905079 13053.9
0.02775 0.115049 235.605 911297 12866.9
0.02825 0.1182 208.131 916562 12681.2
0.02875 0.121268 181.886 921188 12498.7
0.02925 0.124247 156.842 924782 12315.4
0.02975 0.127112 132.848 927536 12135.5
0.03025 0.129843 109.99 929508 11960.9
0.03075 0.132426 87.7832 930659 11792.1
0.03125 0.134858 66.3419 931013 11629.3
0.03175 0.137145 45.4807 930617 11472.6
0.03225 0.139288 25.2443 929496 11321.7
0.03275 0.141286 5.31963 927683 11176.7
0.03325 0.143157 -14.1507 925209 11036.4
0.03375 0.144936 -33.1797 922075 10900
0.03425 0.146608 -52.231 918633 10769.7
0.03475 0.148117 -71.3845 914758 10648.4
0.03525 0.149491 -89.5731 910576 10535
0.03575 0.150782 -107.032 906093 10425.9
0.03625 0.152018 -123.758 901447 10321.2
0.03675 0.153211 -139.817 896741 10221.6
0.03725 0.154365 -155.063 892087 10125.7
0.03775 0.155485 -169.406 887407 10035.2
0.03825 0.156579 -182.76 882963 9949.67
0.03875 0.157663 -194.789 878825 9869.48
0.03925 0.158747 -205.436 875004 9794.33
0.03975 0.15984 -214.656 871542 9722.51
0.04025 0.160959 -222.389 868506 9655.93
0.04075 0.162135 -228.496 865970 9592.56
0.04125 0.163379 -233.075 863867 9530.99
0.04175 0.164687 -236.145 862189 9472.91
0.04225 0.166063 -237.763 860970 9416.02
0.04275 0.167521 -237.897 860194 9362.57
0.04325 0.169071 -236.722 859889 9309.53
0.04375 0.170717 -234.299 860084 9259.65
0.04425 0.17243 -230.689 860587 9209.97
0.04475 0.174213 -225.989 861389 9163.05
0.04525 0.176076 -220.273 862545 9116.53
0.04575 0.178025 -213.576 864032 9071.63
0.04625 0.180064 -205.94 865818 9027.5
0.04675 0.182195 -197.442 867897 8983.46
0.04725 0.184417 -188.178 870207 8941.07
0.04775 0.186738 -178.05 872798 8898.88
0.04825 0.189171 -167.095 875682 8856.68
0.04875 0.191717 -155.326 878762 8815.1
0.04925 0.194379 -142.878 881993 8773.03
0.04975 0.197142 -129.898 885346 8730.7
0.05025 0.199995 -116.406 888864 8688.77
0.05075 0.202965 -102.265 892510 8647.09
0.05125 0.206062 -87.5679 896269 8604.98
0.05175 0.20926 -72.4592 900091 8562.67
0.05225 0.212549 -56.9905 903946 8520.32
0.05275 0.215952 -41.0682 907926 8478.04
0.05325 0.219496 -24.6167 911992 8435.22
0.05375 0.223164 -7.84338 916084 8392
0.05425 0.226943 9.01544 920196 8348.82
0.05475 0.230853 25.998 924447 8305.68
0.05525 0.234914 43.2886 928849 8262.32
0.05575 0.239108 60.8997 933310 8218.71
0.05625 0.243413 78.7873 937729 8174.84
0.05675 0.247837 96.9812 942106 8130.58
0.05725 0.252407 115.555 946520 8085.89
0.05775 0.257126 134.365 950978 8040.8
0.05825 0.262 153.217 955464 7995.27
0.05875 0.267049 172.064 960014 7949.17
0.05925 0.272292 190.999 964689 7902.41
0.05975 0.277731 210.013 969445 7854.99
0.06025 0.283359 229.059 974219 7806.81
0.06075 0.289185 248.193 978995 7757.75
0.06125 0.295227 267.469 983782 7707.53
0.06175 0.301491 286.824 988617 7656.37
0.06225 0.30798 306.166 993498 7604.26
0.06275 0.314705 325.451 998455 7551.16
0.06325 0.321683 344.726 1.00353e+06 7496.81
0.06375 0.328914 363.963 1.00871e+06 7441.49
0.06425 0.336402 383.164 1.01382e+06 7384.71
0.06475 0.344159 402.373 1.01906e+06 7326.73
0.06525 0.352189 421.466 1.02439e+06 7267.27
0.06575 0.360503 440.472 1.02987e+06 7206.69
0.06625 0.369124 459.426 1.0353e+06 7144.2
0.06675 0.378074 478.326 1.0409e+06 7079.97
0.06725 0.387334 496.916 1.04664e+06 7014.16
0.06775 0.396958 515.477 1.05243e+06 6946.23
0.06825 0.40699 534.059 1.05835e+06 6876.07
0.06875 0.41742 552.287 1.06444e+06 6803.27
0.06925 0.428321 570.457 1.07049e+06 6727.12
0.06975 0.439788 588.598 1.07686e+06 6648.23
0.07025 0.451811 606.379 1.08327e+06 6565.14
0.07075 0.464539 624.162 1.08981e+06 6477.31
0.07125 0.478036 641.667 1.09658e+06 6385
0.07175 0.492426 659.077 1.10355e+06 6286.96
0.07225 0.507838 676.197 1.11053e+06 6181.63
0.07275 0.524401 693.14 1.11787e+06 6070.32
0.07325 0.542361 710.014 1.1255e+06 5951.09
0.07375 0.561921 726.783 1.13329e+06 5822.88
0.07425 0.583463 743.721 1.14108e+06 5684.12
0.07475 0.607632 760.631 1.1488e+06 5531.72
0.07525 0.635086 776.988 1.15691e+06 5366.58
0.07575 0.666604 792.717 1.16581e+06 5190.41
0.07625 0.702889 807.827 1.17557e+06 5006.14
0.07675 0.744615 823.01 1.18525e+06 4815.29
0.07725 0.792853 837.862 1.19435e+06 4619.13
0.07775 0.848647 851.326 1.2049e+06 4425.67
0.07825 0.912285 863.596 1.21802e+06 4238.56
0.07875 0.983618 876.081 1.23274e+06 4054.17
0.07925 1.06267 889.941 1.24792e+06 3867.1
0.07975 1.1503 906.075 1.26127e+06 3668.27
0.08025 1.24916 922.677 1.27416e+06 3455.53
0.08075 1.36189 938.657 1.29154e+06 3240.47
0.08125 1.49091 955.085 1.31212e+06 3023.87
0.08175 1.63996 973.347 1.33161e+06 2799.45
0.08225 1.81568 992.608 1.34745e+06 2564.15
0.08275 2.02662 1010.47 1.36331e+06 2327.12
0.08325 2.28114 1025.16 1.38337e+06 2099.17
0.08375 2.58226 1036.51 1.40883e+06 1889.33
0.08425 2.93512 1044.47 1.43986e+06 1699.18
0.08475 3.32157 1051.89 1.47105e+06 1534.18
0.08525 3.68383 1060.8 1.50346e+06 1413.83
0.08575 3.9909 1070.01 1.54173e+06 1338.36
0.08625 4.25536 1080.01 1.58418e+06 1289.77
0.08675 4.48817 1090.91 1.62957e+06 1257.94
0.08725 4.69703 1102.6 1.6782e+06 1237.8
0.08775 4.8846 1114.8 1.73647e+06 1231.64
0.08825 5.04837 1127.31 1.80417e+06 1238.09
0.08875 5.17937 1137.25 1.8612e+06 1245
0.08925 5.26523 1142.01 1.89713e+06 1248.32
0.08975 5.30291 1142.41 1.91178e+06 1249.04
0.09025 5.30905 1139.17 1.91232e+06 1247.94
0.09075 5.2832 1128.78 1.89554e+06 1243.06
0.09125 5.17624 1104.75 1.83651e+06 1229.23
0.09175 4.90559 1056.36 1.69608e+06 1197.89
0.09225 4.36935 944.95 1.4012e+06 1111.08
0.09275 3.30469 731.888 898542 942.058
0.09325 2.13277 421.083 427656 694.825
0.09375 1.54414 166.94 200136 449.13
0.09425 1.3202 47.5319 125042 328.215
0.09475 1.25019 11.2134 106434 295.021
0.09525 1.23113 2.4389 102386 288.198
0.09575 1.22641 0.511322 101542 286.919
0.09625 1.22531 0.104797 101369 286.684
0.09675 1.22507 0.0211208 101334 286.641
0.09725 1.22501 0.00422414 101327 286.633
0.09775 1.225 0.000867005 101325 286.631
0.09825 1.225 0.000205378 101325 286.631
0.09875 1.225 7.16454e-05 101325 286.631
0.09925 1.225 4.03977e-05 101325 286.631
0.09975 1.225 2.95408e-05 101325 286.631
0.10025 1.225 2.33816e-05 101325 286.631
0.10075 1.225 1.88478e-05 101325 286.631
0.10125 1.225 1.52421e-05 101325 286.631
0.10175 1.225 1.23242e-05 101325 286.631
0.10225 1.225 9.95588e-06 101325 286.631
0.10275 1.225 8.03427e-06 101325 286.631
0.10325 1.225 6.47653e-06 101325 286.631
0.10375 1.225 5.21502e-06 101325 286.631
0.10425 1.225 4.19442e-06 101325 286.631
0.10475 1.225 3.36945e-06 101325 286.631
0.10525 1.225 2.70315e-06 101325 286.631
0.10575 1.225 2.16541e-06 101325 286.631
0.10625 1.225 1.73174e-06 101325 286.631
0.10675 1.225 1.38229e-06 101325 286.631
0.10725 1.225 1.10096e-06 101325 286.631
0.10775 1.225 8.74769e-07 101325 286.631
0.10825 1.225 6.9325e-07 101325 286.631
0.10875 1.225 5.47982e-07 101325 286.631
0.10925 1.225 4.322e-07 101325 286.631
0.10975 1.225 3.40462e-07 101325 286.631
0.11025 1.225 2.68367e-07 101325 286.631
0.11075 1.225 2.12338e-07 101325 286.631
0.11125 1.225 1.69474e-07 101325 286.631
0.11175 1.225 1.37391e-07 101325 286.631
0.11225 1.225 1.14032e-07 101325 286.631
0.11275 1.225 9.74659e-08 101325 286.631
0.11325 1.225 8.57078e-08 101325 286.631
0.11375 1.225 7.66657e-08 101325 286.631
0.11425 1.225 6.86827e-08 101325 286.631
0.11475 1.225 6.12188e-08 101325 286.631
0.11525 1.225 5.4337e-08 101325 286.631
0.11575 1.225 4.80463e-08 101325 286.631
0.11625 1.225 4.23305e-08 101325 286.631
0.11675 1.225 3.71622e-08 101325 286.631
0.11725 1.225 3.25091e-08 101325 286.631
0.11775 1.225 2.83371e-08 101325 286.631
0.11825 1.225 2.46117e-08 101325 286.631
0.11875 1.225 2.12987e-08 101325 286.631
0.11925 1.225 1.83645e-08 101325 286.631
0.11975 1.225 1.57766e-08 101325 286.631
0.12025 1.225 1.35035e-08 101325 286.631
0.12075 1.225 1.15153e-08 101325 286.631
0.12125 1.225 9.7836e-09 101325 286.631
0.12175 1.225 8.28165e-09 101325 286.631
0.12225 1.225 6.98442e-09 101325 286.631
0.12275 1.225 5.86875e-09 101325 286.631
0.12325 1.225 4.91326e-09 101325 286.631
0.12375 1.225 4.09839e-09 101325 286.631
0.12425 1.225 3.40634e-09 101325 286.631
0.12475 1.225 2.82107e-09 101325 286.631
0.12525 1.225 2.32812e-09 101325 286.631
0.12575 1.225 1.91465e-09 101325 286.631
0.12625 1.225 1.56924e-09 101325 286.631
0.12675 1.225 1.28186e-09 101325 286.631
0.12725 1.225 1.04371e-09 101325 286.631
0.12775 1.225 8.47128e-10 101325 286.631
0.12825 1.225 6.85513e-10 101325 286.631
0.12875 1.225 5.53163e-10 101325 286.631
0.12925 1.225 4.45215e-10 101325 286.631
0.12975 1.225 3.5754e-10 101325 286.631
0.13025 1.225 2.86639e-10 101325 286.631
0.13075 1.225 2.29587e-10 101325 286.631
0.13125 1.225 1.83946e-10 101325 286.631
0.13175 1.225 1.47656e-10 101325 286.631
0.13225 1.225 1.18998e-10 101325 286.631
0.13275 1.225 9.64922e-11 101325 286.631
0.13325 1.225 7.88361e-11 101325 286.631
0.13375 1.225 6.48661e-11 101325 286.631
0.13425 1.225 5.36332e-11 101325 286.631
0.13475 1.225 4.44763e-11 101325 286.631
0.13525 1.225 3.69374e-11 101325 286.631
0.13575 1.225 3.06956e-11 101325 286.631
0.13625 1.225 2.54986e-11 101325 286.631
0.13675 1.225 2.11657e-11 101325 286.631
0.13725 1.225 1.75432e-11 101325 286.631
0.13775 1.225 1.45237e-11 101325 286.631
0.13825 1.225 1.19961e-11 101325 286.631
0.13875 1.225 9.896e-12 101325 286.631
0.13925 1.225 8.14068e-12 101325 286.631
0.13975 1.225 6.68279e-12 101325 286.631
0.14025 1.225 5.46977e-12 101325 286.631
0.14075 1.225 4.46832e-12 101325 286.631
0.14125 1.225 3.64208e-12 101325 286.631
0.14175 1.225 2.9604e-12 101325 286.631
0.14225 1.225 2.39958e-12 101325 286.631
0.14275 1.225 1.93278e-12 101325 286.631
0.14325 1.225 1.55436e-12 101325 286.631
0.14375 1.225 1.24455e-12 101325 286.631
0.14425 1.225 9.94685e-13 101325 286.631
0.14475 1.225 7.88827e-13 101325 286.631
0.14525 1.225 6.1751e-13 101325 286.631
0.14575 1.225 4.73657e-13 101325 286.631
0.14625 1.225 3.56156e-13 101325 286.631
0.14675 1.225 2.626e-13 101325 286.631
0.14725 1.225 1.8609e-13 101325 286.631
0.14775 1.225 1.2609e-13 101325 286.631
0.14825 1.225 8.31931e-14 101325 286.631
0.14875 1.225 5.59515e-14 101325 286.631
0.14925 1.225 3.72544e-14 101325 286.631
0.14975 1.225 2.37966e-14 101325 286.631
0.15025 1.225 1.53602e-14 101325 286.631
0.15075 1.225 1.19726e-14 101325 286.631
0.15125 1.225 8.46859e-15 101325 286.631
0.15175 1.225 8.4625e-15 101325 286.631
0.15225 1.225 8.25694e-15 101325 286.631
0.15275 1.225 1.33908e-14 101325 286.631
0.15325 1.225 1.99279e-14 101325 286.631
0.15375 1.225 3.32787e-14 101325 286.631
0.15425 1.225 5.3309e-14 101325 286.631
0.15475 1.225 8.34057e-14 101325 286.631
0.15525 1.225 1.36842e-13 101325 286.631
0.15575 1.225 2.05938e-13 101325 286.631
0.15625 1.225 3.00521e-13 101325 286.631
0.15675 1.225 4.265e-13 101325 286.631
0.15725 1.225 5.94337e-13 101325 286.631
0.15775 1.225 8.19578e-13 101325 286.631
0.15825 1.225 1.11503e-12 101325 286.631
0.15875 1.225 1.5251e-12 101325 286.631
0.15925 1.225 2.06119e-12 101325 286.631
0.15975 1.225 2.77799e-12 101325 286.631
0.16025 1.225 3.72316e-12 101325 286.631
0.16075 1.225 4.97277e-12 101325 286.631
0.16125 1.225 6.62714e-12 101325 286.631
0.16175 1.225 8.81757e-12 101325 286.631
0.16225 1.225 1.17181e-11 101325 286.631
0.16275 1.225 1.55675e-11 101325 286.631
0.16325 1.225 2.07375e-11 101325 286.631
0.16375 1.225 2.77357e-11 101325 286.631
0.16425 1.225 3.73546e-11 101325 286.631
0.16475 1.225 5.08069e-11 101325 286.631
0.16525 1.225 7.00128e-11 101325 286.631
0.16575 1.225 9.76752e-11 101325 286.631
0.16625 1.225 1.35843e-10 101325 286.631
0.16675 1.225 1.87301e-10 101325 286.631
0.16725 1.225 2.55655e-10 101325 286.631
0.16775 1.225 3.45499e-10 101325 286.631
0.16825 1.225 4.62858e-10 101325 286.631
0.16875 1.225 6.15542e-10 101325 286.631
0.16925 1.225 8.13387e-10 101325 286.631
0.16975 1.225 1.06865e-09 101325 286.631
0.17025 1.225 1.39666e-09 101325 286.631
0.17075 1.225 1.81683e-09 101325 286.631
0.17125 1.225 2.35359e-09 101325 286.631
0.17175 1.225 3.0377e-09 101325 286.631
0.17225 1.225 3.90821e-09 101325 286.631
0.17275 1.225 5.01503e-09 101325 286.631
0.17325 1.225 6.42269e-09 101325 286.631
0.17375 1.225 8.21536e-09 101325 286.631
0.17425 1.225 1.05042e-08 101325 286.631
0.17475 1.225 1.34382e-08 101325 286.631
0.17525 1.225 1.7219e-08 101325 286.631
0.17575 1.225 2.21231e-08 101325 286.631
0.17625 1.225 2.8531e-08 101325 286.631
0.17675 1.225 3.69664e-08 101325 286.631
0.17725 1.225 4.81467e-08 101325 286.631
0.17775 1.225 6.30433e-08 101325 286.631
0.17825 1.225 8.29534e-08 101325 286.631
0.17875 1.225 1.09583e-07 101325 286.631
0.17925 1.225 1.45142e-07 101325 286.631
0.17975 1.225 1.92455e-07 101325 286.631
0.18025 1.225 2.55079e-07 101325 286.631
0.18075 1.225 3.37442e-07 101325 286.631
0.18125 1.225 4.44984e-07 101325 286.631
0.18175 1.225 5.84308e-07 101325 286.631
0.18225 1.225 7.6332e-07 101325 286.631
0.18275 1.225 9.91363e-07 101325 286.631
0.18325 1.225 1.27932e-06 101325 286.631
0.18375 1.225 1.63966e-06 101325 286.631
0.18425 1.225 2.08646e-06 101325 286.631
0.18475 1.225 2.63531e-06 101325 286.631
0.18525 1.225 3.3031e-06 101325 286.631
0.18575 1.225 4.10775e-06 101325 286.631
0.18625 1.225 5.06774e-06 101325 286.631
0.18675 1.225 6.20151e-06 101325 286.631
0.18725 1.225 7.52672e-06 101325 286.631
0.18775 1.225 9.05939e-06 101325 286.631
0.18825 1.225 1.08128e-05 101325 286.631
0.18875 1.225 1.27967e-05 101325 286.631
0.18925 1.225 1.50156e-05 101325 286.631
0.18975 1.225 1.74687e-05 101325 286.631
0.19025 1.225 2.01472e-05 101325 286.631
0.19075 1.225 2.30384e-05 101325 286.631
0.19125 1.225 2.61093e-05 101325 286.631
0.19175 1.225 2.93586e-05 101325 286.631
0.19225 1.225 3.26498e-05 101325 286.631
0.19275 1.225 3.57903e-05 101325 286.631
0.19325 1.225 3.87549e-05 101325 286.631
0.19375 1.225 4.15902e-05 101325 286.631
0.19425 1.225 4.43364e-05 101325 286.631
0.19475 1.225 4.70291e-05 101325 286.631
0.19525 1.225 4.96967e-05 101325 286.631
0.19575 1.225 5.23615e-05 101325 286.631
0.19625 1.225 5.50267e-05 101325 286.631
0.19675 1.225 5.77774e-05 101325 286.631
0.19725 1.225 6.05348e-05 101325 286.631
0.19775 1.225 6.30137e-05 101325 286.631
0.19825 1.225 6.50273e-05 101325 286.631
0.19875 1.225 6.64566e-05 101325 286.631
0.19925 1.225 6.72494e-05 101325 286.631
0.19975 1.225 6.7486e-05 101325 286.631
0.20025 1.225 6.69233e-05 101325 286.631
0.20075 1.225 6.63191e-05 101325 286.631
0.20125 1.225 6.63191e-05 101325 286.631
0.20175 1.225 6.63191e-05 101325 286.631
